return {
	Vector3.new(-0.00244140625, -0.366729736328125, 0),
	Vector3.new(-0.39129638671875, -0.82318115234375, 0),
	Vector3.new(-0.633209228515625, -1.2131195068359375, 0),
	Vector3.new(-0.680908203125, -2.0211715698242188, 0),
	Vector3.new(-0.603729248046875, -3.0850677490234375, 0),
	Vector3.new(-0.270965576171875, -4.1375732421875, 0),
	Vector3.new(0.4830322265625, -4.415008544921875, 0),
	Vector3.new(1.049835205078125, -4.388702392578125, 0),
	Vector3.new(1.64923095703125, -4.2234954833984375, 0),
	Vector3.new(1.994110107421875, -3.971527099609375, 0),
	Vector3.new(2.25152587890625, -3.4012069702148438, 0),
	Vector3.new(2.20721435546875, -2.620086669921875, 0),
	Vector3.new(1.983795166015625, -1.9295806884765625, 0),
	Vector3.new(1.59393310546875, -0.8203811645507812, 0),
	Vector3.new(1.095977783203125, -0.317901611328125, 0),
	Vector3.new(1.07122802734375, 0.257080078125, 0),
	Vector3.new(4.368438720703125, 0.5074539184570312, 0),
	Vector3.new(4.5438232421875, -0.9946441650390625, 0),
	Vector3.new(5.161895751953125, -2.2953720092773438, 0),
	Vector3.new(6.255279541015625, -2.8881683349609375, 0),
	Vector3.new(7.306884765625, -3.1247100830078125, 0),
	Vector3.new(8.10089111328125, -2.9983367919921875, 0),
	Vector3.new(8.885833740234375, -2.5244064331054688, 0),
	Vector3.new(9.057037353515625, -1.4387283325195312, 0),
	Vector3.new(9.035888671875, -0.5680923461914062, 0),
	Vector3.new(8.972808837890625, 0.232025146484375, 0),
	Vector3.new(8.650421142578125, 1.0528411865234375, 0),
	Vector3.new(8.21368408203125, 1.834442138671875, 0),
	Vector3.new(7.829193115234375, 2.3803329467773438, 0),
	Vector3.new(7.213470458984375, 3.3482666015625, 0),
	Vector3.new(6.6922607421875, 3.9035186767578125, 0),
	Vector3.new(7.600799560546875, 3.3407745361328125, 0),
	Vector3.new(8.141876220703125, 2.5700225830078125, 0),
	Vector3.new(8.552947998046875, 2.0551910400390625, 0),
	Vector3.new(9.00677490234375, 1.602874755859375, 0),
	Vector3.new(9.276123046875, 1.0098800659179688, 0),
	Vector3.new(9.73974609375, 0.444061279296875, 0),
	Vector3.new(9.925872802734375, -0.4909210205078125, 0),
	Vector3.new(9.88983154296875, -1.101898193359375, 0),
	Vector3.new(9.935882568359375, -1.8494720458984375, 0),
	Vector3.new(9.989044189453125, -2.7701492309570312, 0),
	Vector3.new(9.77410888671875, -3.4737167358398438, 0),
	Vector3.new(9.10235595703125, -3.911102294921875, 0),
	Vector3.new(8.301361083984375, -4.6704254150390625, 0),
	Vector3.new(7.55419921875, -5.4507904052734375, 0),
	Vector3.new(7.251129150390625, -7.006065368652344, 0),
	Vector3.new(7.1182861328125, -8.711151123046875, 0),
	Vector3.new(6.30523681640625, -9.643333435058594, 0),
	Vector3.new(6.051849365234375, -10.293106079101562, 0),
	Vector3.new(6.13226318359375, -11.144245147705078, 0),
	Vector3.new(6.53387451171875, -11.32672119140625, 0),
	Vector3.new(6.624298095703125, -11.815391540527344, 0),
	Vector3.new(6.517730712890625, -12.406524658203125, 0),
	Vector3.new(5.89813232421875, -12.302360534667969, 0),
	Vector3.new(5.336822509765625, -12.564178466796875, 0),
	Vector3.new(5.046295166015625, -12.816539764404297, 0),
	Vector3.new(4.927032470703125, -13.745559692382812, 0),
	Vector3.new(4.963348388671875, -16.596519470214844, 0),
	Vector3.new(5.199188232421875, -18.640121459960938, 0),
	Vector3.new(4.832916259765625, -19.511451721191406, 0),
	Vector3.new(4.290252685546875, -21.929298400878906, 0),
	Vector3.new(3.082916259765625, -26.11965560913086, 0),
	Vector3.new(2.5048828125, -27.65230941772461, 0),
	Vector3.new(2.368408203125, -28.435523986816406, 0),
	Vector3.new(2.731597900390625, -29.390254974365234, 0),
	Vector3.new(3.074127197265625, -29.947589874267578, 0),
	Vector3.new(2.8089599609375, -30.311885833740234, 0),
	Vector3.new(1.85211181640625, -30.98382568359375, 0),
	Vector3.new(1.557342529296875, -32.19748306274414, 0),
	Vector3.new(1.360321044921875, -33.51648712158203, 0),
	Vector3.new(1.29425048828125, -34.50298309326172, 0),
	Vector3.new(0.62261962890625, -38.332794189453125, 0),
	Vector3.new(0.281951904296875, -40.28190612792969, 0),
	Vector3.new(-0.24224853515625, -42.95383071899414, 0),
	Vector3.new(-1.22222900390625, -43.42041778564453, 0),
	Vector3.new(-1.86859130859375, -44.65528106689453, 0),
	Vector3.new(-2.662841796875, -45.697879791259766, 0),
	Vector3.new(-2.6246337890625, -47.59750747680664, 0),
	Vector3.new(-2.071746826171875, -48.487266540527344, 0),
	Vector3.new(-1.223358154296875, -49.69075393676758, 0),
	Vector3.new(-0.884735107421875, -50.15586853027344, 0),
	Vector3.new(-0.975311279296875, -50.57012939453125, 0),
	Vector3.new(-1.984710693359375, -51.060943603515625, 0),
	Vector3.new(-2.19830322265625, -51.96967697143555, 0),
	Vector3.new(-2.9998779296875, -55.26263427734375, 0),
	Vector3.new(-4.271240234375, -62.0048828125, 0),
	Vector3.new(-5.343536376953125, -64.15210723876953, 0),
	Vector3.new(-5.99652099609375, -67.4435806274414, 0),
	Vector3.new(-7.2386474609375, -67.48832702636719, 0),
	Vector3.new(-11.08526611328125, -67.58041381835938, 0),
	Vector3.new(-13.70770263671875, -67.46015930175781, 0),
	Vector3.new(-14.523590087890625, -67.17152404785156, 0),
	Vector3.new(-15.58001708984375, -66.44306945800781, 0),
	Vector3.new(-15.904541015625, -65.46884155273438, 0),
	Vector3.new(-16.072479248046875, -64.29493713378906, 0),
	Vector3.new(-16.48455810546875, -62.561370849609375, 0),
	Vector3.new(-16.434417724609375, -61.347496032714844, 0.0000019073486328125),
	Vector3.new(-16.25933837890625, -60.30200958251953, 0.0000019073486328125),
	Vector3.new(-16.483856201171875, -58.76412582397461, 0.0000019073486328125),
	Vector3.new(-17.086090087890625, -58.35378646850586, 0),
	Vector3.new(-17.290802001953125, -57.62035369873047, 0),
	Vector3.new(-17.442352294921875, -56.56236267089844, 0),
	Vector3.new(-17.45135498046875, -53.653160095214844, 0),
	Vector3.new(-17.17620849609375, -52.92060852050781, 0),
	Vector3.new(-16.98870849609375, -52.14601516723633, 0),
	Vector3.new(-16.744873046875, -51.138572692871094, 0),
	Vector3.new(-16.63720703125, -49.39873504638672, 0),
	Vector3.new(-16.462371826171875, -47.85517120361328, 0),
	Vector3.new(-15.818939208984375, -45.54048156738281, 0),
	Vector3.new(-15.67889404296875, -43.919517517089844, 0),
	Vector3.new(-15.48175048828125, -42.72381591796875, 0),
	Vector3.new(-15.2314453125, -41.36682891845703, 0),
	Vector3.new(-15.306427001953125, -40.361785888671875, 0),
	Vector3.new(-15.5238037109375, -39.15814208984375, 0),
	Vector3.new(-16.02215576171875, -37.861629486083984, 0),
	Vector3.new(-16.1375732421875, -36.499961853027344, 0),
	Vector3.new(-15.5443115234375, -34.63856887817383, 0),
	Vector3.new(-15.3121337890625, -35.0267219543457, 0),
	Vector3.new(-15.367523193359375, -35.959415435791016, 0),
	Vector3.new(-15.107574462890625, -37.58856201171875, 0),
	Vector3.new(-14.315216064453125, -38.71564483642578, 0),
	Vector3.new(-13.432373046875, -39.12703323364258, 0),
	Vector3.new(-13.0235595703125, -38.77227783203125, 0),
	Vector3.new(-12.6534423828125, -38.29199981689453, 0),
	Vector3.new(-12.49267578125, -37.5704231262207, 0),
	Vector3.new(-12.63970947265625, -37.00357437133789, 0),
	Vector3.new(-13.205230712890625, -35.968509674072266, 0),
	Vector3.new(-13.66119384765625, -35.28960037231445, 0),
	Vector3.new(-13.98956298828125, -34.06477737426758, 0),
	Vector3.new(-13.67681884765625, -32.91105651855469, 0),
	Vector3.new(-13.152191162109375, -31.183582305908203, 0),
	Vector3.new(-12.701263427734375, -29.696754455566406, 0),
	Vector3.new(-12.289794921875, -27.656288146972656, 0),
	Vector3.new(-11.68719482421875, -24.404560089111328, 0),
	Vector3.new(-10.88995361328125, -20.62183380126953, 0),
	Vector3.new(-10.30828857421875, -17.0086669921875, 0),
	Vector3.new(-10.071044921875, -15.476333618164062, 0),
	Vector3.new(-10.26544189453125, -14.814849853515625, 0),
	Vector3.new(-11.13720703125, -13.998550415039062, 0),
	Vector3.new(-11.694305419921875, -12.936820983886719, 0),
	Vector3.new(-11.833953857421875, -11.797660827636719, 0),
	Vector3.new(-11.6707763671875, -10.757823944091797, 0),
	Vector3.new(-11.459320068359375, -11.344432830810547, 0),
	Vector3.new(-11.265472412109375, -12.337471008300781, 0),
	Vector3.new(-10.739288330078125, -13.213325500488281, 0),
	Vector3.new(-9.577117919921875, -13.89422607421875, 0),
	Vector3.new(-8.648712158203125, -13.64752197265625, 0),
	Vector3.new(-7.670440673828125, -13.040313720703125, 0),
	Vector3.new(-7.550262451171875, -12.280685424804688, 0),
	Vector3.new(-7.64239501953125, -11.719100952148438, 0),
	Vector3.new(-7.99725341796875, -10.804176330566406, 0),
	Vector3.new(-8.410675048828125, -10.38968276977539, 0),
	Vector3.new(-9.221710205078125, -9.903995513916016, 0),
	Vector3.new(-8.909942626953125, -7.3309326171875, 0),
	Vector3.new(-9.020843505859375, -6.209098815917969, 0),
	Vector3.new(-9.48565673828125, -4.999420166015625, 0),
	Vector3.new(-10.321197509765625, -4.14825439453125, 0),
	Vector3.new(-11.228790283203125, -3.92889404296875, 0),
	Vector3.new(-12.354888916015625, -3.1440658569335938, 0),
	Vector3.new(-13.784332275390625, -0.7620620727539062, 0),
	Vector3.new(-13.912994384765625, 0.8991317749023438, 0),
	Vector3.new(-13.392181396484375, 3.1495819091796875, 0),
	Vector3.new(-12.3779296875, 5.0681610107421875, 0),
	Vector3.new(-12.746124267578125, 3.499542236328125, 0),
	Vector3.new(-13.315460205078125, 1.6100006103515625, 0),
	Vector3.new(-13.214935302734375, 0.41119384765625, 0),
	Vector3.new(-12.911407470703125, -0.811187744140625, 0),
	Vector3.new(-11.87646484375, -1.3723373413085938, 0),
	Vector3.new(-10.927825927734375, -1.7583465576171875, 0),
	Vector3.new(-10.092559814453125, -1.5543212890625, 0),
	Vector3.new(-9.557098388671875, -1.2020187377929688, 0),
	Vector3.new(-9.11541748046875, -0.5961761474609375, 0),
	Vector3.new(-8.92462158203125, 0.4402313232421875, 0),
	Vector3.new(-9.0657958984375, 1.811737060546875, 0),
	Vector3.new(-9.781097412109375, 3.5753173828125, 0),
	Vector3.new(-10.886505126953125, 5.0908050537109375, 0),
	Vector3.new(-9.261566162109375, 3.8202972412109375, 0),
	Vector3.new(-8.430389404296875, 2.210113525390625, 0),
	Vector3.new(-7.291717529296875, 0.5992279052734375, 0),
	Vector3.new(-5.72210693359375, 0.6153411865234375, 0),
	Vector3.new(-2.69915771484375, 0.5331268310546875, 0),
	Vector3.new(-0.007659912109375, 0.43555450439453125, 0),
	Vector3.new(-0.02081298828125, -0.003204345703125, 0),
	Vector3.new(0.00994873046875, 0.408111572265625, 0),
	Vector3.new(-5.88323974609375, 0.625701904296875, 0),
	Vector3.new(-7.267120361328125, 0.6185455322265625, 0),
	Vector3.new(-8.402862548828125, 2.1112213134765625, 0),
	Vector3.new(-9.249725341796875, 3.7964324951171875, 0),
	Vector3.new(-10.897064208984375, 5.1289520263671875, 0),
	Vector3.new(-9.830413818359375, 3.646270751953125, 0),
	Vector3.new(-9.08941650390625, 1.902557373046875, 0),
	Vector3.new(-8.912750244140625, 0.4647674560546875, 0),
	Vector3.new(-9.129180908203125, -0.6198654174804688, 0),
	Vector3.new(-9.604095458984375, -1.24957275390625, 0),
	Vector3.new(-10.140045166015625, -1.586883544921875, 0),
	Vector3.new(-10.951751708984375, -1.7648239135742188, 0),
	Vector3.new(-11.9267578125, -1.3623580932617188, 0),
	Vector3.new(-12.8907470703125, -0.786865234375, 0),
	Vector3.new(-13.22076416015625, 0.3843994140625, 0),
	Vector3.new(-13.316253662109375, 1.5957183837890625, 0),
	Vector3.new(-12.83807373046875, 3.315093994140625, 0),
	Vector3.new(-12.36663818359375, 5.0531768798828125, 0),
	Vector3.new(-13.3663330078125, 3.17681884765625, 0),
	Vector3.new(-13.8868408203125, 1.0344696044921875, 0),
	Vector3.new(-19.1256103515625, -1.9945220947265625, 0),
	Vector3.new(-19.658782958984375, -1.4259567260742188, 0),
	Vector3.new(-20.727996826171875, 0.480438232421875, 0),
	Vector3.new(-21.19891357421875, 0.7503662109375, 0),
	Vector3.new(-21.559783935546875, 0.77392578125, 0),
	Vector3.new(-22.165191650390625, 0.71295166015625, 0),
	Vector3.new(-22.4022216796875, 1.4790496826171875, 0),
	Vector3.new(-22.817413330078125, 2.4592819213867188, 0),
	Vector3.new(-23.56805419921875, 3.1812362670898438, 0),
	Vector3.new(-24.451446533203125, 3.882598876953125, 0),
	Vector3.new(-26.020263671875, 4.6643524169921875, 0),
	Vector3.new(-27.59307861328125, 5.3807220458984375, 0),
	Vector3.new(-29.540924072265625, 5.387123107910156, 0),
	Vector3.new(-32.076171875, 4.654716491699219, 0),
	Vector3.new(-34.486297607421875, 3.564605712890625, 0),
	Vector3.new(-35.423248291015625, 2.4284820556640625, 0),
	Vector3.new(-36.14849853515625, 1.100677490234375, 0),
	Vector3.new(-37.097930908203125, -1.00762939453125, 0),
	Vector3.new(-37.819091796875, -3.05450439453125, 0),
	Vector3.new(-38.40240478515625, -5.29302978515625, 0),
	Vector3.new(-38.561859130859375, -7.4778594970703125, 0),
	Vector3.new(-38.703155517578125, -8.083450317382812, 0),
	Vector3.new(-39.42889404296875, -8.579742431640625, 0),
	Vector3.new(-40.787261962890625, -9.39105224609375, 0),
	Vector3.new(-41.254974365234375, -10.602638244628906, 0),
	Vector3.new(-41.08331298828125, -11.943389892578125, 0),
	Vector3.new(-40.119598388671875, -12.80582046508789, 0),
	Vector3.new(-39.24298095703125, -13.206676483154297, 0),
	Vector3.new(-37.810028076171875, -12.839698791503906, 0),
	Vector3.new(-36.88983154296875, -11.90768814086914, 0),
	Vector3.new(-36.552642822265625, -10.849952697753906, 0),
	Vector3.new(-36.70361328125, -10.027725219726562, 0),
	Vector3.new(-37.07489013671875, -9.136711120605469, 0),
	Vector3.new(-36.053741455078125, -6.9192047119140625, 0),
	Vector3.new(-34.426666259765625, -4.199859619140625, 0),
	Vector3.new(-33.754241943359375, -2.583587646484375, 0),
	Vector3.new(-32.986572265625, -2.0820465087890625, 0),
	Vector3.new(-32.163604736328125, -1.446075439453125, 0),
	Vector3.new(-30.73321533203125, -0.7981796264648438, 0),
	Vector3.new(-29.35198974609375, -0.1695709228515625, 0),
	Vector3.new(-27.883392333984375, 0.281951904296875, 0),
	Vector3.new(-26.507568359375, 0.7275390625, 0),
	Vector3.new(-25.4739990234375, 0.81549072265625, 0),
	Vector3.new(-24.03863525390625, 0.7842941284179688, 0),
	Vector3.new(-22.19500732421875, 0.7572479248046875, 0),
	Vector3.new(-21.27789306640625, 0.7457351684570312, 0),
	Vector3.new(-20.77783203125, 0.5078582763671875, 0),
	Vector3.new(-19.7640380859375, -1.2802734375, 0),
	Vector3.new(-19.14837646484375, -1.9993209838867188, 0),
	Vector3.new(-19.19281005859375, -2.6077117919921875, 0),
	Vector3.new(-19.164825439453125, -3.18914794921875, 0),
	Vector3.new(-19.447357177734375, -3.3566818237304688, 0),
	Vector3.new(-20.469482421875, -2.9055328369140625, 0),
	Vector3.new(-21.62371826171875, -2.0710601806640625, 0),
	Vector3.new(-22.475311279296875, -1.4133148193359375, 0),
	Vector3.new(-24.705535888671875, -1.4765853881835938, 0),
	Vector3.new(-26.7001953125, -1.7361221313476562, 0),
	Vector3.new(-28.082611083984375, -2.2098541259765625, 0),
	Vector3.new(-29.3099365234375, -2.82232666015625, 0),
	Vector3.new(-30.561920166015625, -3.74761962890625, 0),
	Vector3.new(-31.432220458984375, -4.556427001953125, 0),
	Vector3.new(-32.3009033203125, -5.4300537109375, 0),
	Vector3.new(-33.07684326171875, -6.2477874755859375, 0),
	Vector3.new(-34.1751708984375, -7.656730651855469, 0),
	Vector3.new(-34.798583984375, -8.675895690917969, 0),
	Vector3.new(-35.42083740234375, -9.555183410644531, 0),
	Vector3.new(-36.633209228515625, -9.4627685546875, 0),
	Vector3.new(-37.033721923828125, -9.140411376953125, 0),
	Vector3.new(-36.63568115234375, -9.443862915039062, 0),
	Vector3.new(-35.47222900390625, -9.546310424804688, 0),
	Vector3.new(-34.94769287109375, -8.881668090820312, 0),
	Vector3.new(-34.2371826171875, -7.725982666015625, 0),
	Vector3.new(-33.051483154296875, -6.2859954833984375, 0),
	Vector3.new(-32.190185546875, -5.2863616943359375, 0),
	Vector3.new(-30.978302001953125, -6.940727233886719, 0),
	Vector3.new(-30.291534423828125, -9.152183532714844, 0),
	Vector3.new(-29.46527099609375, -11.422393798828125, 0),
	Vector3.new(-29.08477783203125, -13.320854187011719, 0),
	Vector3.new(-28.44036865234375, -15.641563415527344, 0),
	Vector3.new(-28.111480712890625, -17.439620971679688, 0),
	Vector3.new(-27.536651611328125, -18.960243225097656, 0),
	Vector3.new(-26.950592041015625, -20.747474670410156, 0),
	Vector3.new(-26.707183837890625, -22.352100372314453, 0),
	Vector3.new(-25.87567138671875, -24.77984619140625, 0),
	Vector3.new(-25.39642333984375, -27.857742309570312, 0),
	Vector3.new(-24.00079345703125, -34.383056640625, 0),
	Vector3.new(-23.415924072265625, -38.08405303955078, -0.0000019073486328125),
	Vector3.new(-22.5831298828125, -41.43288040161133, 0),
	Vector3.new(-21.68536376953125, -43.77861785888672, 0),
	Vector3.new(-21.32598876953125, -44.633750915527344, 0),
	Vector3.new(-21.010528564453125, -43.57880401611328, 0),
	Vector3.new(-20.34649658203125, -39.753841400146484, 0),
	Vector3.new(-19.57720947265625, -35.662288665771484, 0),
	Vector3.new(-19.529754638671875, -33.71390914916992, 0),
	Vector3.new(-19.6121826171875, -32.104347229003906, 0),
	Vector3.new(-20.052978515625, -30.42544937133789, 0),
	Vector3.new(-20.62103271484375, -27.795021057128906, 0),
	Vector3.new(-21.615692138671875, -24.548202514648438, 0),
	Vector3.new(-22.387359619140625, -21.04822540283203, 0),
	Vector3.new(-23.2421875, -19.02260971069336, 0),
	Vector3.new(-23.819061279296875, -15.847015380859375, 0),
	Vector3.new(-24.6634521484375, -13.27481460571289, 0),
	Vector3.new(-25.204742431640625, -10.073589324951172, 0),
	Vector3.new(-25.33221435546875, -8.638587951660156, 0),
	Vector3.new(-24.883544921875, -7.7441558837890625, 0),
	Vector3.new(-24.463775634765625, -7.128486633300781, 0),
	Vector3.new(-23.704010009765625, -6.2757568359375, 0),
	Vector3.new(-22.75238037109375, -5.4019622802734375, 0),
	Vector3.new(-21.77496337890625, -4.8370361328125, 0),
	Vector3.new(-20.563079833984375, -4.603385925292969, 0),
	Vector3.new(-20.02490234375, -4.399017333984375, 0),
	Vector3.new(-19.971282958984375, -4.0965118408203125, 0),
	Vector3.new(-20.0128173828125, -3.5682907104492188, 0),
	Vector3.new(-20.20257568359375, -3.11676025390625, 0),
	Vector3.new(-20.669921875, -2.7722396850585938, 0),
	Vector3.new(-22.50439453125, -1.4123764038085938, 0),
	Vector3.new(-24.7998046875, -1.4575576782226562, 0),
	Vector3.new(-26.72076416015625, -1.7276611328125, 0),
	Vector3.new(-28.132171630859375, -2.2210235595703125, 0),
	Vector3.new(-29.299224853515625, -2.832611083984375, 0),
	Vector3.new(-30.55596923828125, -3.7604598999023438, 0),
	Vector3.new(-31.833038330078125, -4.963615417480469, 0),
	Vector3.new(-34.1455078125, -7.541969299316406, 0),
	Vector3.new(-35.39312744140625, -9.4879150390625, 0),
	Vector3.new(-36.57049560546875, -9.436836242675781, 0),
	Vector3.new(-37.1141357421875, -9.08050537109375, 0),
	Vector3.new(-37.3984375, -8.706161499023438, 0),
	Vector3.new(-37.7601318359375, -8.504806518554688, 0),
	Vector3.new(-38.099090576171875, -8.25115966796875, 0),
	Vector3.new(-38.862640380859375, -8.1865234375, 0)
}
