return {
	Vector3.new(3.154754638671875, 1.9375076293945312, 0),
	Vector3.new(5.7322998046875, 3.9185867309570312, 0),
	Vector3.new(8.43096923828125, 7.121795654296875, 0),
	Vector3.new(5.441162109375, 5.488653182983398, 0),
	Vector3.new(-0.221923828125, 2.754850387573242, 0),
	Vector3.new(-4.732574462890625, 1.4537239074707031, 0),
	Vector3.new(-12.849365234375, 1.4139289855957031, 0),
	Vector3.new(-19.01806640625, 2.3493080139160156, 0),
	Vector3.new(-25.21514892578125, 3.852773666381836, 0),
	Vector3.new(-30.524932861328125, 6.610828399658203, 0),
	Vector3.new(-31.499176025390625, 7.626594543457031, 0),
	Vector3.new(-28.688873291015625, 3.4818077087402344, 0),
	Vector3.new(-25.050445556640625, 0.40151023864746094, 0),
	Vector3.new(-23.59051513671875, -0.7470550537109375, 0),
	Vector3.new(-25.185089111328125, -3.3670711517333984, 0),
	Vector3.new(-27.7303466796875, -3.7562923431396484, 0),
	Vector3.new(-34.0587158203125, -2.0084304809570312, 0),
	Vector3.new(-39.311065673828125, 2.7509193420410156, 0),
	Vector3.new(-40.459747314453125, 5.5547027587890625, 0),
	Vector3.new(-40.5496826171875, 9.023429870605469, 0),
	Vector3.new(-40.052825927734375, 17.313804626464844, 0),
	Vector3.new(-39.207061767578125, 22.183547973632812, 0),
	Vector3.new(-38.09771728515625, 27.721229553222656, 0),
	Vector3.new(-35.381805419921875, 35.12030029296875, 0),
	Vector3.new(-31.8018798828125, 39.52507781982422, 0),
	Vector3.new(-27.022247314453125, 42.484642028808594, 0),
	Vector3.new(-20.656463623046875, 42.97325897216797, 0),
	Vector3.new(-23.5205078125, 40.30070114135742, 0),
	Vector3.new(-29.93499755859375, 35.019325256347656, 0),
	Vector3.new(-24.021575927734375, 37.76071548461914, 0),
	Vector3.new(-18.933074951171875, 39.42936706542969, 0),
	Vector3.new(-12.75140380859375, 40.027809143066406, 0),
	Vector3.new(-7.715484619140625, 39.7248649597168, 0),
	Vector3.new(-1.99468994140625, 39.0062255859375, 0),
	Vector3.new(1.272186279296875, 37.80711364746094, 0),
	Vector3.new(4.98712158203125, 36.06603240966797, 0),
	Vector3.new(8.41925048828125, 34.01634216308594, 0),
	Vector3.new(4.490234375, 37.07624816894531, 0),
	Vector3.new(-0.8310546875, 40.57707595825195, 0),
	Vector3.new(-4.334991455078125, 43.083831787109375, 0),
	Vector3.new(1.543212890625, 42.89501953125, 0),
	Vector3.new(4.777069091796875, 42.225311279296875, 0),
	Vector3.new(8.051055908203125, 40.54790496826172, 0),
	Vector3.new(10.796417236328125, 37.959808349609375, 0),
	Vector3.new(12.6650390625, 33.717586517333984, 0),
	Vector3.new(14.188079833984375, 29.32129669189453, 0),
	Vector3.new(15.169097900390625, 25.49869155883789, 0),
	Vector3.new(16.507110595703125, 19.3900146484375, 0),
	Vector3.new(17.385986328125, 13.811931610107422, 0),
	Vector3.new(17.199859619140625, 7.170013427734375, 0),
	Vector3.new(14.68707275390625, 2.8297882080078125, 0),
	Vector3.new(10.597808837890625, -0.25011253356933594, 0),
	Vector3.new(7.450836181640625, -1.352914810180664, 0),
	Vector3.new(1.8057861328125, -3.0719680786132812, 0),
	Vector3.new(-0.047607421875, -0.07726097106933594, 0),
	Vector3.new(3.1097412109375, 1.9073009490966797, 0),
	Vector3.new(5.720489501953125, 3.9143447875976562, 0),
	Vector3.new(8.40655517578125, 7.098361968994141, 0),
	Vector3.new(5.00433349609375, 5.291690826416016, 0),
	Vector3.new(0.877197265625, 3.2794132232666016, 0),
	Vector3.new(-0.125244140625, 2.793142318725586, 0),
	Vector3.new(-3.276397705078125, 1.830789566040039, 0),
	Vector3.new(-4.74334716796875, 1.4248332977294922, 0),
	Vector3.new(-8.883209228515625, 1.4198684692382812, 0),
	Vector3.new(-11.427032470703125, 1.4147758483886719, 0),
	Vector3.new(-11.572052001953125, 6.309976577758789, 0),
	Vector3.new(-11.603912353515625, 10.295391082763672, 0),
	Vector3.new(-11.54840087890625, 16.942691802978516, 0),
	Vector3.new(-8.76177978515625, 17.086959838867188, 0),
	Vector3.new(-8.26568603515625, 18.614303588867188, 0),
	Vector3.new(-6.4677734375, 20.925487518310547, 0),
	Vector3.new(-4.08673095703125, 22.61798095703125, 0),
	Vector3.new(-0.704498291015625, 22.820266723632812, 0),
	Vector3.new(1.41796875, 22.227481842041016, 0),
	Vector3.new(2.78887939453125, 20.36981201171875, 0),
	Vector3.new(3.524383544921875, 18.787132263183594, 0),
	Vector3.new(3.985137939453125, 16.222145080566406, 0),
	Vector3.new(3.9605712890625, 14.078269958496094, 0),
	Vector3.new(3.1937255859375, 12.057308197021484, 0),
	Vector3.new(1.681396484375, 10.39453125, 0),
	Vector3.new(-0.18328857421875, 9.45212173461914, 0),
	Vector3.new(-2.437469482421875, 8.946090698242188, 0),
	Vector3.new(-4.998291015625, 9.725418090820312, 0),
	Vector3.new(-6.436614990234375, 10.651962280273438, 0),
	Vector3.new(-7.62835693359375, 12.129425048828125, 0),
	Vector3.new(-8.3856201171875, 13.582386016845703, 0),
	Vector3.new(-8.835601806640625, 15.269821166992188, 0),
	Vector3.new(-8.76953125, 17.03571319580078, 0),
	Vector3.new(-14.0654296875, 16.867271423339844, 0),
	Vector3.new(-14.537628173828125, 19.018951416015625, 0),
	Vector3.new(-15.60699462890625, 20.57628631591797, 0),
	Vector3.new(-17.10076904296875, 21.989002227783203, 0),
	Vector3.new(-18.587860107421875, 22.643714904785156, 0),
	Vector3.new(-20.502593994140625, 22.650962829589844, 0),
	Vector3.new(-22.167938232421875, 22.676963806152344, 0),
	Vector3.new(-24.662078857421875, 21.275962829589844, 0),
	Vector3.new(-25.877685546875, 19.55585479736328, 0),
	Vector3.new(-26.21966552734375, 17.439163208007812, 0),
	Vector3.new(-26.269622802734375, 14.984649658203125, 0),
	Vector3.new(-25.41778564453125, 12.239459991455078, 0),
	Vector3.new(-23.869140625, 10.436279296875, 0),
	Vector3.new(-21.85003662109375, 9.40032958984375, 0),
	Vector3.new(-18.748931884765625, 9.361011505126953, 0),
	Vector3.new(-16.428863525390625, 10.905258178710938, 0),
	Vector3.new(-14.663238525390625, 13.093696594238281, 0),
	Vector3.new(-13.8140869140625, 15.18182373046875, 0),
	Vector3.new(-14.0341796875, 16.80217742919922, 0)
}
