return {
	Vector3.new(0, 0, 0),
	Vector3.new(1.30548095703125, -0.41764068603515625, 0),
	Vector3.new(3.27886962890625, -1.5630874633789062, 0),
	Vector3.new(5.16265869140625, -3.303619384765625, 0),
	Vector3.new(6.50274658203125, -5.025154113769531, 0),
	Vector3.new(8.074676513671875, -3.5613555908203125, 0),
	Vector3.new(10.062896728515625, -1.7272415161132812, 0),
	Vector3.new(12.73681640625, -0.44989776611328125, 0),
	Vector3.new(14.431640625, 0.2243804931640625, 0),
	Vector3.new(16.95977783203125, 0.61865234375, 0),
	Vector3.new(18.91058349609375, 0.40932464599609375, 0),
	Vector3.new(20.51580810546875, 0.0523834228515625, 0),
	Vector3.new(22.16497802734375, -0.6945953369140625, 0),
	Vector3.new(23.7713623046875, -1.7046318054199219, 0),
	Vector3.new(25.322845458984375, -3.2874832153320312, 0),
	Vector3.new(26.833404541015625, -5.354564666748047, 0),
	Vector3.new(27.739990234375, -7.4136199951171875, 0),
	Vector3.new(28.75164794921875, -10.406044006347656, 0),
	Vector3.new(29.15106201171875, -13.363140106201172, 0),
	Vector3.new(29.037322998046875, -15.769523620605469, 0),
	Vector3.new(28.48419189453125, -19.059585571289062, 0),
	Vector3.new(27.518646240234375, -22.223350524902344, 0),
	Vector3.new(25.616455078125, -26.25688934326172, 0),
	Vector3.new(23.798309326171875, -28.9830322265625, 0),
	Vector3.new(22.327362060546875, -31.38420867919922, 0),
	Vector3.new(22.005828857421875, -32.608848571777344, 0),
	Vector3.new(21.869720458984375, -33.68943786621094, 0),
	Vector3.new(21.5843505859375, -34.46860122680664, 0),
	Vector3.new(21.329833984375, -34.904327392578125, 0),
	Vector3.new(20.896453857421875, -35.36091613769531, 0),
	Vector3.new(20.35321044921875, -35.63081741333008, 0),
	Vector3.new(19.70697021484375, -35.646080017089844, 0),
	Vector3.new(18.94873046875, -35.5409049987793, 0),
	Vector3.new(18.17437744140625, -35.400054931640625, 0),
	Vector3.new(17.72406005859375, -35.50457000732422, 0),
	Vector3.new(17.227783203125, -35.879173278808594, 0),
	Vector3.new(16.72869873046875, -36.829612731933594, 0),
	Vector3.new(16.30572509765625, -37.76545715332031, 0),
	Vector3.new(16.2354736328125, -38.782867431640625, 0),
	Vector3.new(16.1390380859375, -40.05699157714844, 0),
	Vector3.new(16.17901611328125, -41.95807647705078, 0),
	Vector3.new(15.751953125, -43.09849548339844, 0),
	Vector3.new(15.36224365234375, -43.67995071411133, 0),
	Vector3.new(14.84588623046875, -43.87800216674805, 0),
	Vector3.new(14.026458740234375, -44.01220703125, 0),
	Vector3.new(13.6287841796875, -43.654014587402344, 0),
	Vector3.new(13.12213134765625, -43.07187271118164, 0),
	Vector3.new(13.144622802734375, -42.11054229736328, 0),
	Vector3.new(12.810211181640625, -40.566410064697266, 0),
	Vector3.new(12.607025146484375, -40.390960693359375, 0),
	Vector3.new(12.237701416015625, -40.480464935302734, 0),
	Vector3.new(11.86669921875, -41.123260498046875, 0),
	Vector3.new(11.662200927734375, -41.428497314453125, 0),
	Vector3.new(11.34063720703125, -41.504005432128906, 0),
	Vector3.new(11.07196044921875, -41.67509460449219, 0),
	Vector3.new(10.503204345703125, -41.870086669921875, 0),
	Vector3.new(10.198974609375, -41.90133285522461, 0),
	Vector3.new(9.895477294921875, -42.14093780517578, 0),
	Vector3.new(9.520416259765625, -42.64527893066406, 0),
	Vector3.new(9.229095458984375, -43.26080322265625, 0),
	Vector3.new(8.843597412109375, -44.11403274536133, 0),
	Vector3.new(8.539947509765625, -44.50553894042969, 0),
	Vector3.new(8.0909423828125, -44.98980712890625, 0),
	Vector3.new(7.214141845703125, -45.470115661621094, 0),
	Vector3.new(6.70672607421875, -45.33536911010742, 0),
	Vector3.new(6.230743408203125, -44.8388671875, 0),
	Vector3.new(5.83349609375, -43.94804382324219, 0),
	Vector3.new(5.480499267578125, -43.320777893066406, 0),
	Vector3.new(5.109771728515625, -42.607398986816406, 0),
	Vector3.new(4.616790771484375, -42.359886169433594, 0),
	Vector3.new(3.9461669921875, -42.355342864990234, 0),
	Vector3.new(3.35955810546875, -42.84771728515625, 0),
	Vector3.new(3.2056884765625, -43.987030029296875, 0),
	Vector3.new(3.3052978515625, -45.053462982177734, 0),
	Vector3.new(3.606109619140625, -45.936004638671875, 0),
	Vector3.new(3.709716796875, -47.21611785888672, 0),
	Vector3.new(3.808441162109375, -48.80470275878906, 0),
	Vector3.new(3.77484130859375, -49.8481559753418, 0),
	Vector3.new(3.633209228515625, -51.21533203125, 0),
	Vector3.new(3.25689697265625, -52.38410186767578, 0),
	Vector3.new(2.60369873046875, -53.254905700683594, 0),
	Vector3.new(1.85321044921875, -53.54361343383789, 0),
	Vector3.new(1.367706298828125, -53.45140838623047, 0),
	Vector3.new(0.656646728515625, -52.93999481201172, 0),
	Vector3.new(-0.0618896484375, -51.31834030151367, 0),
	Vector3.new(-0.4432373046875, -49.572723388671875, 0),
	Vector3.new(-0.4007568359375, -48.381980895996094, 0),
	Vector3.new(0.06134033203125, -45.66271209716797, 0),
	Vector3.new(0.402923583984375, -43.833526611328125, 0),
	Vector3.new(0.426910400390625, -42.53388214111328, 0),
	Vector3.new(0.275634765625, -41.771060943603516, 0),
	Vector3.new(-0.239837646484375, -40.6302490234375, 0),
	Vector3.new(-0.858856201171875, -40.04685974121094, 0),
	Vector3.new(-1.347076416015625, -39.874969482421875, 0),
	Vector3.new(-2.092559814453125, -39.68503189086914, 0),
	Vector3.new(-2.96246337890625, -39.45509719848633, 0),
	Vector3.new(-3.51953125, -38.95722198486328, 0),
	Vector3.new(-3.61212158203125, -38.08246612548828, 0),
	Vector3.new(-3.606719970703125, -37.08708953857422, 0),
	Vector3.new(-3.86517333984375, -36.06517791748047, 0),
	Vector3.new(-4.061920166015625, -35.4014892578125, 0),
	Vector3.new(-4.316192626953125, -34.9266471862793, 0),
	Vector3.new(-4.806427001953125, -34.45536422729492, 0),
	Vector3.new(-6.045867919921875, -33.165618896484375, 0),
	Vector3.new(-8.333404541015625, -30.98064422607422, 0),
	Vector3.new(-11.609375, -26.552860260009766, 0),
	Vector3.new(-13.60101318359375, -22.478424072265625, 0),
	Vector3.new(-15.009124755859375, -19.039566040039062, 0),
	Vector3.new(-15.7227783203125, -15.760116577148438, 0),
	Vector3.new(-15.75433349609375, -13.0650634765625, 0),
	Vector3.new(-15.200103759765625, -9.755195617675781, 0),
	Vector3.new(-14.353271484375, -6.555206298828125, 0),
	Vector3.new(-12.247833251953125, -3.1927566528320312, 0),
	Vector3.new(-10.619720458984375, -1.7884750366210938, 0),
	Vector3.new(-8.259002685546875, -0.4412994384765625, 0),
	Vector3.new(-6.12603759765625, 0.21401214599609375, 0),
	Vector3.new(-3.5877685546875, 0.5964279174804688, 0),
	Vector3.new(-0.54803466796875, 0.1932525634765625, 0),
	Vector3.new(-0.16375732421875, 0.054901123046875, 0)
}
