return {
	Vector3.new(171.58740234375, 0.10300064086914062, 19),
	Vector3.new(170.52883911132812, 5.51995849609375, 19),
	Vector3.new(168.46275329589844, 13.63044548034668, 19),
	Vector3.new(166.1717529296875, 0.059123992919921875, 19),
	Vector3.new(164.69895935058594, 0.08856582641601562, 19),
	Vector3.new(164.47149658203125, 12.625059127807617, 19),
	Vector3.new(164.70150756835938, 0.17328643798828125, 19),
	Vector3.new(166.15103149414062, 0.06003570556640625, 19),
	Vector3.new(168.44857788085938, 13.641407012939453, 19),
	Vector3.new(166.95436096191406, 17.438711166381836, 19),
	Vector3.new(165.45355224609375, 20.61568832397461, 19),
	Vector3.new(164.43992614746094, 21.98095703125, 19),
	Vector3.new(162.93043518066406, 23.270782470703125, 19),
	Vector3.new(159.40745544433594, 20.962207794189453, 19),
	Vector3.new(153.3221893310547, 16.027795791625977, 19),
	Vector3.new(159.40078735351562, 20.9572811126709, 19),
	Vector3.new(162.8450927734375, 23.34920310974121, 19),
	Vector3.new(169.3209228515625, 28.872642517089844, 19),
	Vector3.new(169.7638702392578, 31.81435203552246, 19),
	Vector3.new(169.42303466796875, 35.31657028198242, 19),
	Vector3.new(168.16879272460938, 42.264896392822266, 19),
	Vector3.new(167.3007049560547, 40.64860153198242, 19),
	Vector3.new(169.548583984375, 32.164554595947266, 19),
	Vector3.new(167.2996368408203, 40.67779541015625, 19),
	Vector3.new(166.68319702148438, 38.75337219238281, 19),
	Vector3.new(165.926513671875, 37.40742492675781, 19),
	Vector3.new(165.22389221191406, 36.23346710205078, 19),
	Vector3.new(164.57144165039062, 35.115638732910156, 19),
	Vector3.new(163.60931396484375, 34.0252571105957, 19),
	Vector3.new(163.72650146484375, 38.92861557006836, 19),
	Vector3.new(161.654052734375, 33.53118896484375, 19),
	Vector3.new(161.59046936035156, 32.991634368896484, 19),
	Vector3.new(161.69540405273438, 32.79289627075195, 19),
	Vector3.new(163.60943603515625, 34.08537673950195, 19),
	Vector3.new(163.6645965576172, 36.48515319824219, 19),
	Vector3.new(162.45907592773438, 35.59326171875, 19),
	Vector3.new(161.61740112304688, 33.33965301513672, 19),
	Vector3.new(161.61691284179688, 32.80638122558594, 19),
	Vector3.new(160.85101318359375, 32.60104751586914, 19),
	Vector3.new(157.81578063964844, 35.3648567199707, 19),
	Vector3.new(157.533203125, 35.14920425415039, 19),
	Vector3.new(157.04388427734375, 33.71745300292969, 19),
	Vector3.new(156.73883056640625, 32.616973876953125, 19),
	Vector3.new(157.09744262695312, 32.0758056640625, 19),
	Vector3.new(160.86895751953125, 32.57305145263672, 19),
	Vector3.new(157.03265380859375, 32.089839935302734, 19),
	Vector3.new(156.11407470703125, 33.322208404541016, 19),
	Vector3.new(155.34158325195312, 35.0825309753418, 19),
	Vector3.new(147.2969207763672, 31.875011444091797, 19),
	Vector3.new(157.08584594726562, 32.08595275878906, 19),
	Vector3.new(146.82699584960938, 31.85596466064453, 19),
	Vector3.new(140.57571411132812, 31.775711059570312, 19),
	Vector3.new(133.4477081298828, 31.817256927490234, 19),
	Vector3.new(130.84481811523438, 32.01041793823242, 19),
	Vector3.new(127.80475616455078, 33.11000061035156, 19),
	Vector3.new(124.8375244140625, 34.25924301147461, 19),
	Vector3.new(119.67683410644531, 38.06510925292969, 19),
	Vector3.new(119.20077514648438, 38.14327621459961, 19),
	Vector3.new(118.81367492675781, 37.47916030883789, 19),
	Vector3.new(118.76835632324219, 34.4904899597168, 19),
	Vector3.new(120.89659118652344, 31.983600616455078, 19),
	Vector3.new(124.32304382324219, 28.854869842529297, 19),
	Vector3.new(127.86517333984375, 23.177501678466797, 19),
	Vector3.new(130.20736694335938, 20.971323013305664, 19),
	Vector3.new(136.02288818359375, 14.553573608398438, 19),
	Vector3.new(127.95452880859375, 23.185718536376953, 19),
	Vector3.new(129.99761962890625, 21.022109985351562, 19),
	Vector3.new(127.66134643554688, 22.365848541259766, 19),
	Vector3.new(123.06839752197266, 23.837623596191406, 19),
	Vector3.new(120.88980865478516, 22.405532836914062, 19),
	Vector3.new(118.32303619384766, 19.234704971313477, 19),
	Vector3.new(115.68019104003906, 13.510358810424805, 19),
	Vector3.new(114.79131317138672, 10.701742172241211, 19),
	Vector3.new(112.70286560058594, 0.0562286376953125, 19),
	Vector3.new(114.79151916503906, 10.711763381958008, 19),
	Vector3.new(115.67642211914062, 13.589994430541992, 19),
	Vector3.new(116.294189453125, 12.211824417114258, 19),
	Vector3.new(122.10848236083984, 0.13850021362304688, 19),
	Vector3.new(115.67682647705078, 13.519859313964844, 19),
	Vector3.new(117.33141326904297, 17.082916259765625, 19),
	Vector3.new(118.31971740722656, 19.23260498046875, 19),
	Vector3.new(120.82178497314453, 22.3814697265625, 19),
	Vector3.new(123.04483032226562, 23.805917739868164, 19),
	Vector3.new(127.64244079589844, 22.386497497558594, 19),
	Vector3.new(129.8294677734375, 21.131362915039062, 19),
	Vector3.new(127.55106353759766, 22.38254737854004, 19),
	Vector3.new(123.04136657714844, 23.868160247802734, 19),
	Vector3.new(122.91033172607422, 24.16242218017578, 19),
	Vector3.new(122.20022583007812, 25.193613052368164, 19),
	Vector3.new(121.06710815429688, 26.003662109375, 19),
	Vector3.new(118.46107482910156, 28.663766860961914, 19),
	Vector3.new(116.06590270996094, 32.20961380004883, 19),
	Vector3.new(115.24798583984375, 34.620235443115234, 19),
	Vector3.new(115.8908462524414, 39.659828186035156, 19),
	Vector3.new(117.27027130126953, 51.875518798828125, 19),
	Vector3.new(117.58690643310547, 55.5843505859375, 19),
	Vector3.new(118.08059692382812, 54.157527923583984, 19),
	Vector3.new(119.26477813720703, 50.10017776489258, 19),
	Vector3.new(120.3466796875, 47.90955352783203, 19),
	Vector3.new(121.3675765991211, 46.6136360168457, 19),
	Vector3.new(125.56938934326172, 51.2477912902832, 19),
	Vector3.new(127.3189468383789, 56.766021728515625, 19),
	Vector3.new(125.29812622070312, 48.402706146240234, 19),
	Vector3.new(124.6033935546875, 45.37397003173828, 19),
	Vector3.new(124.0491943359375, 43.04338455200195, 19),
	Vector3.new(124.3935546875, 40.8050422668457, 19),
	Vector3.new(126.28871154785156, 39.43358612060547, 19),
	Vector3.new(127.08843231201172, 39.099483489990234, 19),
	Vector3.new(127.37738037109375, 39.11357498168945, 19),
	Vector3.new(129.39852905273438, 34.9593505859375, 19),
	Vector3.new(130.85459899902344, 33.37220764160156, 19),
	Vector3.new(129.88133239746094, 35.37875747680664, 19),
	Vector3.new(129.5338592529297, 36.303287506103516, 19),
	Vector3.new(129.44131469726562, 37.26530838012695, 19),
	Vector3.new(128.39105224609375, 39.726863861083984, 19),
	Vector3.new(130.03347778320312, 36.61470413208008, 19),
	Vector3.new(132.12049865722656, 34.29838562011719, 19),
	Vector3.new(134.25350952148438, 32.994388580322266, 19),
	Vector3.new(133.53445434570312, 34.447731018066406, 19),
	Vector3.new(132.95028686523438, 35.21498107910156, 19),
	Vector3.new(132.45867919921875, 36.45586013793945, 19),
	Vector3.new(131.82672119140625, 38.403343200683594, 19),
	Vector3.new(133.34573364257812, 37.69500732421875, 19),
	Vector3.new(133.98089599609375, 37.40776062011719, 19),
	Vector3.new(135.5811767578125, 37.35444259643555, 19),
	Vector3.new(134.17184448242188, 38.359046936035156, 19),
	Vector3.new(132.4622344970703, 40.234981536865234, 19),
	Vector3.new(130.69873046875, 43.9305419921875, 19),
	Vector3.new(130.1719970703125, 45.32820129394531, 19),
	Vector3.new(131.7088165283203, 43.499488830566406, 19),
	Vector3.new(133.23681640625, 42.60986328125, 19),
	Vector3.new(134.83140563964844, 42.13745880126953, 19),
	Vector3.new(132.5255584716797, 45.30506134033203, 19),
	Vector3.new(133.34852600097656, 45.67879867553711, 19),
	Vector3.new(135.90765380859375, 46.82395935058594, 19),
	Vector3.new(137.3685760498047, 46.97364044189453, 19),
	Vector3.new(140.2136993408203, 47.34942626953125, 19),
	Vector3.new(142.90829467773438, 47.539573669433594, 19),
	Vector3.new(142.08348083496094, 48.28328323364258, 19),
	Vector3.new(140.8212890625, 48.863155364990234, 19),
	Vector3.new(137.92091369628906, 48.92361068725586, 19),
	Vector3.new(134.27432250976562, 48.00486755371094, 19),
	Vector3.new(131.8397979736328, 47.107051849365234, 19),
	Vector3.new(130.87596130371094, 50.82902145385742, 19),
	Vector3.new(130.3351287841797, 54.21268081665039, 19),
	Vector3.new(124.72148132324219, 45.65473937988281, 19),
	Vector3.new(125.46306610107422, 46.760414123535156, 19),
	Vector3.new(125.78730773925781, 44.75021743774414, 19),
	Vector3.new(126.82632446289062, 40.28338623046875, 19),
	Vector3.new(127.37835693359375, 39.09596633911133, 19),
	Vector3.new(126.74078369140625, 40.337196350097656, 19),
	Vector3.new(125.40603637695312, 46.7003173828125, 19),
	Vector3.new(131.7989959716797, 56.46435546875, 19),
	Vector3.new(131.23016357421875, 50.16259002685547, 19),
	Vector3.new(130.88734436035156, 51.20627975463867, 19),
	Vector3.new(130.40576171875, 54.21287155151367, 19),
	Vector3.new(130.96302795410156, 55.20878219604492, 19),
	Vector3.new(132.52767944335938, 57.37730026245117, 19),
	Vector3.new(133.27481079101562, 51.27560806274414, 19),
	Vector3.new(133.9541015625, 50.87123107910156, 19),
	Vector3.new(136.3052520751953, 51.173828125, 19),
	Vector3.new(136.002685546875, 52.92039108276367, 19),
	Vector3.new(135.9215087890625, 56.566219329833984, 19),
	Vector3.new(136.07110595703125, 61.565792083740234, 19),
	Vector3.new(132.53602600097656, 57.30158615112305, 19),
	Vector3.new(133.2462158203125, 51.38142395019531, 19),
	Vector3.new(133.8710479736328, 50.88219451904297, 19),
	Vector3.new(136.18995666503906, 51.222412109375, 19),
	Vector3.new(136.47100830078125, 50.913936614990234, 19),
	Vector3.new(139.3385467529297, 51.340213775634766, 19),
	Vector3.new(140.56874084472656, 54.90312194824219, 19),
	Vector3.new(140.70425415039062, 56.96748352050781, 19),
	Vector3.new(140.78114318847656, 55.540069580078125, 19),
	Vector3.new(140.71902465820312, 51.73644256591797, 19),
	Vector3.new(140.61288452148438, 51.09148406982422, 19),
	Vector3.new(141.32742309570312, 52.19649887084961, 19),
	Vector3.new(142.50250244140625, 56.07856369018555, 19),
	Vector3.new(142.75442504882812, 63.564613342285156, 19),
	Vector3.new(142.6923828125, 65.12422180175781, 19),
	Vector3.new(142.50100708007812, 54.944454193115234, 19),
	Vector3.new(141.86793518066406, 51.21851348876953, 19),
	Vector3.new(144.27122497558594, 51.221412658691406, 19),
	Vector3.new(146.69056701660156, 51.38750457763672, 19),
	Vector3.new(147.01657104492188, 52.24879455566406, 19),
	Vector3.new(147.33619689941406, 53.431209564208984, 19),
	Vector3.new(147.9265594482422, 55.286476135253906, 19),
	Vector3.new(148.02957153320312, 56.25950241088867, 19),
	Vector3.new(148.28591918945312, 58.038124084472656, 19),
	Vector3.new(148.46835327148438, 63.616477966308594, 19),
	Vector3.new(148.27676391601562, 68.90839385986328, 19),
	Vector3.new(148.4090576171875, 63.08586120605469, 19),
	Vector3.new(147.9170684814453, 63.39844512939453, 19),
	Vector3.new(147.41531372070312, 63.882530212402344, 19),
	Vector3.new(147.17408752441406, 63.76129150390625, 19),
	Vector3.new(146.6634979248047, 61.96843338012695, 19),
	Vector3.new(146.76425170898438, 61.02934265136719, 19),
	Vector3.new(146.73175048828125, 57.51060485839844, 19),
	Vector3.new(146.74684143066406, 55.810340881347656, 19),
	Vector3.new(147.08059692382812, 55.39354705810547, 19),
	Vector3.new(147.5676727294922, 55.52140426635742, 19),
	Vector3.new(147.845947265625, 55.809852600097656, 19),
	Vector3.new(147.9564971923828, 55.7404670715332, 19),
	Vector3.new(147.89842224121094, 55.24390411376953, 19),
	Vector3.new(146.68601989746094, 51.37126159667969, 19),
	Vector3.new(148.02906799316406, 51.35274124145508, 19),
	Vector3.new(151.55130004882812, 51.416175842285156, 19),
	Vector3.new(151.8987579345703, 52.73779296875, 19),
	Vector3.new(152.18045043945312, 54.45622634887695, 19),
	Vector3.new(152.65838623046875, 57.04506301879883, 19),
	Vector3.new(152.7609405517578, 58.81324005126953, 19),
	Vector3.new(152.56182861328125, 63.197601318359375, 19),
	Vector3.new(151.7696990966797, 67.84799194335938, 19),
	Vector3.new(152.55099487304688, 63.172462463378906, 19),
	Vector3.new(152.1822967529297, 63.340721130371094, 19),
	Vector3.new(151.43939208984375, 63.66577911376953, 19),
	Vector3.new(150.12698364257812, 63.916412353515625, 19),
	Vector3.new(149.31216430664062, 63.876075744628906, 19),
	Vector3.new(148.58737182617188, 63.063926696777344, 19),
	Vector3.new(148.29405212402344, 58.00410842895508, 19),
	Vector3.new(148.1536865234375, 56.456871032714844, 19),
	Vector3.new(148.03439331054688, 55.958251953125, 19),
	Vector3.new(148.3466796875, 55.678436279296875, 19),
	Vector3.new(149.0509033203125, 55.994361877441406, 19),
	Vector3.new(149.8831787109375, 56.22819519042969, 19),
	Vector3.new(150.70242309570312, 56.22114562988281, 19),
	Vector3.new(151.47381591796875, 55.838966369628906, 19),
	Vector3.new(152.20172119140625, 55.483882904052734, 19),
	Vector3.new(152.36549377441406, 55.50565719604492, 19),
	Vector3.new(152.49664306640625, 56.102848052978516, 19),
	Vector3.new(152.7340087890625, 58.73307800292969, 19),
	Vector3.new(152.60079956054688, 62.37240219116211, 19),
	Vector3.new(153.17709350585938, 62.8924560546875, 19),
	Vector3.new(153.53443908691406, 63.04310607910156, 19),
	Vector3.new(154.73867797851562, 62.53443908691406, 19),
	Vector3.new(155.52020263671875, 61.73970031738281, 19),
	Vector3.new(156.4635009765625, 60.3913459777832, 19),
	Vector3.new(156.53717041015625, 61.766822814941406, 19),
	Vector3.new(156.68833923339844, 59.12984085083008, 19),
	Vector3.new(157.0150604248047, 55.01676559448242, 19),
	Vector3.new(156.77569580078125, 53.957183837890625, 19),
	Vector3.new(155.64292907714844, 51.59202194213867, 19),
	Vector3.new(156.78700256347656, 53.98065948486328, 19),
	Vector3.new(157.02932739257812, 54.91814422607422, 19),
	Vector3.new(156.69529724121094, 53.784122467041016, 19),
	Vector3.new(155.5906219482422, 51.417423248291016, 19),
	Vector3.new(151.3100128173828, 51.372100830078125, 19),
	Vector3.new(155.55923461914062, 51.37871551513672, 19),
	Vector3.new(156.91043090820312, 54.486881256103516, 19),
	Vector3.new(157.07418823242188, 53.53902053833008, 19),
	Vector3.new(156.6800994873047, 52.220706939697266, 19),
	Vector3.new(156.3331298828125, 51.62507629394531, 19),
	Vector3.new(157.69668579101562, 51.46195983886719, 19),
	Vector3.new(160.35508728027344, 51.19622039794922, 19),
	Vector3.new(160.90127563476562, 51.94683074951172, 19),
	Vector3.new(160.8649444580078, 53.13083267211914, 19),
	Vector3.new(160.80494689941406, 58.813255310058594, 19),
	Vector3.new(160.5028076171875, 58.229652404785156, 19),
	Vector3.new(159.46205139160156, 60.0902099609375, 19),
	Vector3.new(157.4792022705078, 61.15950012207031, 19),
	Vector3.new(156.70835876464844, 61.007659912109375, 19),
	Vector3.new(157.0304412841797, 55.40922164916992, 19),
	Vector3.new(157.1234588623047, 55.039306640625, 19),
	Vector3.new(157.4461669921875, 55.44647216796875, 19),
	Vector3.new(158.01780700683594, 55.509979248046875, 19),
	Vector3.new(158.82398986816406, 54.98702621459961, 19),
	Vector3.new(159.78170776367188, 54.029151916503906, 19),
	Vector3.new(160.43380737304688, 53.5066032409668, 19),
	Vector3.new(160.65281677246094, 54.33290100097656, 19),
	Vector3.new(160.45826721191406, 53.52408218383789, 19),
	Vector3.new(159.88580322265625, 53.97100067138672, 19),
	Vector3.new(158.95164489746094, 54.85693359375, 19),
	Vector3.new(157.9951934814453, 55.53888702392578, 19),
	Vector3.new(157.39878845214844, 55.45485305786133, 19),
	Vector3.new(157.10182189941406, 55.07164001464844, 19),
	Vector3.new(156.9678497314453, 55.67721939086914, 19),
	Vector3.new(156.9160919189453, 56.09923553466797, 19),
	Vector3.new(156.78826904296875, 55.928226470947266, 19),
	Vector3.new(156.64739990234375, 55.113037109375, 19),
	Vector3.new(156.4222869873047, 54.34947967529297, 19),
	Vector3.new(155.38674926757812, 55.015106201171875, 19),
	Vector3.new(154.20968627929688, 55.60690689086914, 19),
	Vector3.new(152.88949584960938, 55.383914947509766, 19),
	Vector3.new(152.54847717285156, 56.070594787597656, 19),
	Vector3.new(152.88330078125, 55.432437896728516, 19),
	Vector3.new(154.1627960205078, 55.588294982910156, 19),
	Vector3.new(155.55999755859375, 54.91214370727539, 19),
	Vector3.new(156.46783447265625, 54.32294464111328, 19),
	Vector3.new(156.86036682128906, 56.08104705810547, 19),
	Vector3.new(157.0474395751953, 55.09047317504883, 19),
	Vector3.new(157.54946899414062, 55.47795104980469, 19),
	Vector3.new(157.90122985839844, 55.57795333862305, 19),
	Vector3.new(158.9267578125, 54.926856994628906, 19),
	Vector3.new(160.41380310058594, 53.5613899230957, 19),
	Vector3.new(160.7537841796875, 54.582252502441406, 19),
	Vector3.new(160.8482666015625, 54.10853958129883, 19),
	Vector3.new(160.90672302246094, 51.85203552246094, 19),
	Vector3.new(161.5996551513672, 53.20350646972656, 19),
	Vector3.new(161.79364013671875, 58.59232711791992, 19),
	Vector3.new(161.60098266601562, 53.25026321411133, 19),
	Vector3.new(160.83480834960938, 51.61075210571289, 19),
	Vector3.new(159.79046630859375, 49.46814727783203, 19),
	Vector3.new(159.54344177246094, 46.958290100097656, 19),
	Vector3.new(158.6101531982422, 47.18140411376953, 19),
	Vector3.new(157.50006103515625, 47.81179428100586, 19),
	Vector3.new(155.992919921875, 48.299163818359375, 19),
	Vector3.new(153.6709442138672, 48.327842712402344, 19),
	Vector3.new(152.43072509765625, 48.212127685546875, 19),
	Vector3.new(151.02279663085938, 47.734188079833984, 19),
	Vector3.new(150.3618621826172, 47.267356872558594, 19),
	Vector3.new(150.7205047607422, 46.59241485595703, 19),
	Vector3.new(151.902099609375, 46.97187423706055, 19),
	Vector3.new(154.0648956298828, 47.16145706176758, 19),
	Vector3.new(155.43067932128906, 47.037696838378906, 19),
	Vector3.new(156.54495239257812, 46.455360412597656, 19),
	Vector3.new(157.30426025390625, 46.032798767089844, 19),
	Vector3.new(157.76588439941406, 46.41435241699219, 19),
	Vector3.new(158.8704376220703, 45.345420837402344, 19),
	Vector3.new(158.9534912109375, 46.197975158691406, 19),
	Vector3.new(159.32266235351562, 46.03923416137695, 19),
	Vector3.new(159.4978790283203, 46.174583435058594, 19),
	Vector3.new(159.5345458984375, 43.252193450927734, 19),
	Vector3.new(159.8460235595703, 42.29066848754883, 19),
	Vector3.new(160.21205139160156, 41.32707214355469, 19),
	Vector3.new(160.37759399414062, 40.3377685546875, 19),
	Vector3.new(160.19223022460938, 39.465614318847656, 19),
	Vector3.new(158.5657958984375, 37.678768157958984, 19),
	Vector3.new(155.33697509765625, 35.024757385253906, 19),
	Vector3.new(147.29595947265625, 31.897045135498047, 19),
	Vector3.new(145.86968994140625, 31.814062118530273, 19),
	Vector3.new(142.04092407226562, 31.996076583862305, 19),
	Vector3.new(137.57867431640625, 33.484344482421875, 19),
	Vector3.new(132.6280517578125, 36.48347091674805, 19),
	Vector3.new(134.59786987304688, 35.74323654174805, 19),
	Vector3.new(136.3372039794922, 35.346534729003906, 19),
	Vector3.new(134.12091064453125, 37.30531311035156, 19),
	Vector3.new(136.316162109375, 35.39509201049805, 19),
	Vector3.new(133.63621520996094, 36.0700798034668, 19),
	Vector3.new(133.88209533691406, 35.76191711425781, 19),
	Vector3.new(135.07969665527344, 34.98258972167969, 19),
	Vector3.new(137.5167694091797, 33.529052734375, 19),
	Vector3.new(141.9698028564453, 32.03546905517578, 19),
	Vector3.new(144.99295043945312, 31.837604522705078, 19),
	Vector3.new(145.16201782226562, 33.0585823059082, 19),
	Vector3.new(143.3047637939453, 33.42675018310547, 19),
	Vector3.new(141.91860961914062, 33.710933685302734, 19),
	Vector3.new(141.22232055664062, 34.08113479614258, 19),
	Vector3.new(140.25555419921875, 35.02561569213867, 19),
	Vector3.new(139.71766662597656, 35.85802459716797, 19),
	Vector3.new(139.0604705810547, 36.94331359863281, 19),
	Vector3.new(139.08001708984375, 38.327049255371094, 19),
	Vector3.new(139.56503295898438, 39.61910629272461, 19),
	Vector3.new(140.20664978027344, 40.01149368286133, 19),
	Vector3.new(140.83389282226562, 39.0196647644043, 19),
	Vector3.new(141.4524688720703, 38.60466766357422, 19),
	Vector3.new(142.08787536621094, 39.40456771850586, 19),
	Vector3.new(142.20257568359375, 40.01353454589844, 19),
	Vector3.new(142.23672485351562, 40.22618865966797, 19),
	Vector3.new(140.77838134765625, 40.251529693603516, 19),
	Vector3.new(140.18528747558594, 40.05146789550781, 19),
	Vector3.new(140.7998046875, 40.28426742553711, 19),
	Vector3.new(143.16661071777344, 40.25506591796875, 19),
	Vector3.new(148.67825317382812, 39.9571418762207, 19),
	Vector3.new(149.5006561279297, 39.21930694580078, 19),
	Vector3.new(150.3455810546875, 38.259666442871094, 19),
	Vector3.new(150.59890747070312, 37.60141372680664, 19),
	Vector3.new(150.85552978515625, 36.03846740722656, 19),
	Vector3.new(150.61842346191406, 34.96863555908203, 19),
	Vector3.new(149.33282470703125, 33.90781784057617, 19),
	Vector3.new(149.84909057617188, 33.988670349121094, 19),
	Vector3.new(150.2419891357422, 34.3335075378418, 19),
	Vector3.new(151.09637451171875, 35.04903030395508, 19),
	Vector3.new(151.41107177734375, 36.02792739868164, 19),
	Vector3.new(151.63482666015625, 38.66510009765625, 19),
	Vector3.new(151.52255249023438, 39.62944793701172, 19),
	Vector3.new(151.0928192138672, 39.91136169433594, 19),
	Vector3.new(150.11056518554688, 40.07146072387695, 19),
	Vector3.new(148.67849731445312, 39.97431945800781, 19),
	Vector3.new(149.88198852539062, 38.7679328918457, 19),
	Vector3.new(150.3910369873047, 38.19162368774414, 19),
	Vector3.new(150.69088745117188, 37.25253677368164, 19),
	Vector3.new(150.8447723388672, 36.028873443603516, 19),
	Vector3.new(150.6120147705078, 34.95570373535156, 19),
	Vector3.new(149.32913208007812, 33.890037536621094, 19),
	Vector3.new(147.42599487304688, 33.574867248535156, 19),
	Vector3.new(145.09869384765625, 33.01295852661133, 19),
	Vector3.new(144.9806671142578, 31.844972610473633, 19),
	Vector3.new(139.02957153320312, 31.744461059570312, 19),
	Vector3.new(130.8643798828125, 31.96662139892578, 19),
	Vector3.new(127.63114166259766, 33.236080169677734, 19),
	Vector3.new(125.88046264648438, 35.88111877441406, 19),
	Vector3.new(124.49514770507812, 39.483543395996094, 19),
	Vector3.new(124.18695068359375, 41.04512405395508, 19),
	Vector3.new(124.01605987548828, 43.10986328125, 19),
	Vector3.new(124.2393798828125, 43.87691116333008, 19),
	Vector3.new(124.8630599975586, 46.607879638671875, 19),
	Vector3.new(126.59622955322266, 53.80389404296875, 19),
	Vector3.new(127.3434829711914, 56.79680633544922, 19),
	Vector3.new(125.5771713256836, 51.24932098388672, 19),
	Vector3.new(122.02088928222656, 47.298072814941406, 19),
	Vector3.new(121.36280822753906, 46.61024856567383, 19),
	Vector3.new(120.36054229736328, 47.874061584472656, 19),
	Vector3.new(119.264892578125, 50.12226867675781, 19),
	Vector3.new(118.33692169189453, 53.308387756347656, 19),
	Vector3.new(118.04161071777344, 54.38923263549805, 19),
	Vector3.new(117.58767700195312, 55.596309661865234, 19),
	Vector3.new(118.2305908203125, 58.87689208984375, 19),
	Vector3.new(119.11703491210938, 61.89238739013672, 19),
	Vector3.new(120.9150390625, 65.29085540771484, 19),
	Vector3.new(125.48734283447266, 71.71953582763672, 19),
	Vector3.new(125.87548065185547, 72.15925598144531, 19),
	Vector3.new(127.71602630615234, 73.26850128173828, 19),
	Vector3.new(128.92738342285156, 74.41150665283203, 19),
	Vector3.new(131.1362762451172, 76.1724624633789, 19),
	Vector3.new(134.59219360351562, 78.47775268554688, 19),
	Vector3.new(138.85874938964844, 80.31205749511719, 19),
	Vector3.new(140.58645629882812, 80.70918273925781, 19),
	Vector3.new(142.626953125, 80.7958755493164, 19),
	Vector3.new(144.5225372314453, 80.9043960571289, 19),
	Vector3.new(146.53961181640625, 80.6868667602539, 19),
	Vector3.new(147.1348876953125, 78.77679443359375, 19),
	Vector3.new(148.45391845703125, 74.68278503417969, 19),
	Vector3.new(149.4862823486328, 72.19239807128906, 19),
	Vector3.new(150.199951171875, 70.91183471679688, 19),
	Vector3.new(149.39219665527344, 72.88333129882812, 19),
	Vector3.new(148.4420928955078, 75.2769775390625, 19),
	Vector3.new(148.0917510986328, 77.36380004882812, 19),
	Vector3.new(148.1976776123047, 80.18560028076172, 19),
	Vector3.new(149.68763732910156, 79.44207763671875, 19),
	Vector3.new(152.54002380371094, 77.76435852050781, 19),
	Vector3.new(153.43270874023438, 76.99166870117188, 19),
	Vector3.new(155.40306091308594, 75.38601684570312, 19),
	Vector3.new(158.08084106445312, 72.38511657714844, 19),
	Vector3.new(159.41958618164062, 70.76265716552734, 19),
	Vector3.new(161.1829071044922, 68.44782257080078, 19),
	Vector3.new(163.34307861328125, 65.41531372070312, 19),
	Vector3.new(164.35426330566406, 63.013240814208984, 19),
	Vector3.new(165.95623779296875, 58.02909851074219, 19),
	Vector3.new(167.73878479003906, 53.53702926635742, 19),
	Vector3.new(169.6702880859375, 47.26359558105469, 19),
	Vector3.new(167.8809051513672, 53.23073196411133, 19),
	Vector3.new(168.13766479492188, 53.715370178222656, 19),
	Vector3.new(168.17996215820312, 54.54601287841797, 19),
	Vector3.new(167.513916015625, 58.840301513671875, 19),
	Vector3.new(165.24876403808594, 63.836830139160156, 19),
	Vector3.new(163.86590576171875, 65.8196792602539, 19),
	Vector3.new(162.3478546142578, 68.52125549316406, 19),
	Vector3.new(157.97454833984375, 74.95580291748047, 19),
	Vector3.new(153.56517028808594, 79.46096801757812, 19),
	Vector3.new(150.105712890625, 81.25495147705078, 19),
	Vector3.new(145.1031951904297, 82.21031188964844, 19),
	Vector3.new(142.37786865234375, 82.31365966796875, 19),
	Vector3.new(139.18038940429688, 81.7960205078125, 19),
	Vector3.new(136.5281982421875, 81.08271789550781, 19),
	Vector3.new(132.65589904785156, 79.02790069580078, 19),
	Vector3.new(129.75311279296875, 76.6915283203125, 19),
	Vector3.new(125.86126708984375, 72.16854858398438, 19),
	Vector3.new(124.19258117675781, 69.69584655761719, 19),
	Vector3.new(120.90204620361328, 65.13956451416016, 19),
	Vector3.new(119.58401489257812, 62.85367202758789, 19),
	Vector3.new(119.10205841064453, 61.87232208251953, 19),
	Vector3.new(118.2276840209961, 58.95137023925781, 19),
	Vector3.new(117.59091186523438, 55.479793548583984, 19),
	Vector3.new(119.03866577148438, 50.86640548706055, 19),
	Vector3.new(120.17405700683594, 48.06424331665039, 19),
	Vector3.new(121.29093933105469, 46.60761642456055, 19),
	Vector3.new(124.1386489868164, 49.6550407409668, 19),
	Vector3.new(125.52601623535156, 51.19411087036133, 19),
	Vector3.new(125.84255981445312, 52.25177764892578, 19),
	Vector3.new(127.25848388671875, 56.683685302734375, 19),
	Vector3.new(126.6904296875, 54.11061096191406, 19),
	Vector3.new(124.61077880859375, 45.55204772949219, 19),
	Vector3.new(125.83992004394531, 47.37783432006836, 19),
	Vector3.new(130.05784606933594, 53.81929016113281, 19),
	Vector3.new(135.99371337890625, 61.531009674072266, 19),
	Vector3.new(138.43238830566406, 64.46121215820312, 19),
	Vector3.new(141.66627502441406, 67.62350463867188, 19),
	Vector3.new(145.52818298339844, 69.9168472290039, 19),
	Vector3.new(148.07264709472656, 70.33876037597656, 19),
	Vector3.new(149.40846252441406, 70.06424713134766, 19),
	Vector3.new(151.44154357910156, 68.95575714111328, 19),
	Vector3.new(153.4496307373047, 67.61744689941406, 19),
	Vector3.new(157.27236938476562, 64.18185424804688, 19),
	Vector3.new(159.89256286621094, 61.20315933227539, 19),
	Vector3.new(162.64212036132812, 57.611656188964844, 19),
	Vector3.new(164.78343200683594, 54.26459884643555, 19),
	Vector3.new(165.43463134765625, 52.588294982910156, 19),
	Vector3.new(166.0954132080078, 46.29679870605469, 19),
	Vector3.new(165.88475036621094, 40.844539642333984, 19),
	Vector3.new(165.2635498046875, 38.73101806640625, 19),
	Vector3.new(164.8711700439453, 37.819305419921875, 19),
	Vector3.new(165.14398193359375, 39.560691833496094, 19),
	Vector3.new(165.173583984375, 41.78629684448242, 19),
	Vector3.new(164.77532958984375, 44.840240478515625, 19),
	Vector3.new(163.78294372558594, 47.59690475463867, 19),
	Vector3.new(163.43234252929688, 47.78804397583008, 19),
	Vector3.new(163.92929077148438, 47.0496711730957, 19),
	Vector3.new(164.3523712158203, 45.297489166259766, 19),
	Vector3.new(164.30252075195312, 42.24203872680664, 19),
	Vector3.new(163.76364135742188, 38.94816207885742, 19),
	Vector3.new(162.0491485595703, 34.75674819946289, 19),
	Vector3.new(161.75830078125, 34.36232376098633, 19),
	Vector3.new(161.8330078125, 36.04558181762695, 19),
	Vector3.new(161.92770385742188, 37.363685607910156, 19),
	Vector3.new(161.96017456054688, 40.02089309692383, 19),
	Vector3.new(160.48248291015625, 36.226749420166016, 19),
	Vector3.new(159.4632110595703, 35.125518798828125, 19),
	Vector3.new(158.8922119140625, 34.77063751220703, 19),
	Vector3.new(158.6542205810547, 34.791690826416016, 19),
	Vector3.new(158.90463256835938, 35.41178894042969, 19),
	Vector3.new(159.02618408203125, 35.89463424682617, 19),
	Vector3.new(159.20298767089844, 36.44450378417969, 19),
	Vector3.new(159.15025329589844, 38.037845611572266, 19),
	Vector3.new(159.2244415283203, 36.4122314453125, 19),
	Vector3.new(158.88082885742188, 35.37345504760742, 19),
	Vector3.new(158.6351318359375, 34.808841705322266, 19),
	Vector3.new(158.8064422607422, 34.735565185546875, 19),
	Vector3.new(159.50051879882812, 35.1206169128418, 19),
	Vector3.new(160.45309448242188, 36.17654037475586, 19),
	Vector3.new(161.9335174560547, 39.95695495605469, 19),
	Vector3.new(161.9039764404297, 38.67899703979492, 19),
	Vector3.new(161.74363708496094, 34.45106887817383, 19),
	Vector3.new(162.07470703125, 34.76197052001953, 19),
	Vector3.new(161.57705688476562, 33.23097610473633, 19),
	Vector3.new(161.6405029296875, 32.85304260253906, 19),
	Vector3.new(163.56150817871094, 34.09918212890625, 19),
	Vector3.new(164.54360961914062, 35.033966064453125, 19),
	Vector3.new(166.65785217285156, 38.768150329589844, 19),
	Vector3.new(167.94061279296875, 42.3820915222168, 19),
	Vector3.new(168.92628479003906, 44.54248046875, 19),
	Vector3.new(169.5498809814453, 45.70106506347656, 19),
	Vector3.new(169.69317626953125, 47.17805480957031, 19),
	Vector3.new(169.64834594726562, 47.32099533081055, 19),
	Vector3.new(169.54945373535156, 45.66793441772461, 19),
	Vector3.new(169.34683227539062, 45.33521270751953, 19),
	Vector3.new(167.9322052001953, 42.39057922363281, 19),
	Vector3.new(167.03924560546875, 39.91300582885742, 19),
	Vector3.new(166.64479064941406, 38.71879196166992, 19),
	Vector3.new(166.1334228515625, 37.855186462402344, 19),
	Vector3.new(164.5869140625, 35.13088607788086, 19),
	Vector3.new(163.62631225585938, 34.072593688964844, 19),
	Vector3.new(161.61300659179688, 32.80368423461914, 19),
	Vector3.new(160.8367462158203, 32.62735366821289, 19),
	Vector3.new(156.92092895507812, 32.09493637084961, 19),
	Vector3.new(151.59877014160156, 31.934173583984375, 19),
	Vector3.new(151.62753295898438, 30.345985412597656, 19),
	Vector3.new(151.02011108398438, 25.241064071655273, 19),
	Vector3.new(150.84414672851562, 24.255451202392578, 19),
	Vector3.new(150.6835174560547, 22.716703414916992, 19),
	Vector3.new(151.0476531982422, 21.480937957763672, 19),
	Vector3.new(151.45086669921875, 19.383861541748047, 19),
	Vector3.new(151.71876525878906, 15.578315734863281, 19),
	Vector3.new(151.5938720703125, 13.855831146240234, 19),
	Vector3.new(151.16249084472656, 11.95789909362793, 19),
	Vector3.new(151.03225708007812, 10.546110153198242, 19),
	Vector3.new(152.1035919189453, 10.71639633178711, 19),
	Vector3.new(153.62713623046875, 11.339506149291992, 19),
	Vector3.new(154.3366241455078, 11.752872467041016, 19),
	Vector3.new(155.05772399902344, 11.709022521972656, 19),
	Vector3.new(155.32566833496094, 11.548566818237305, 19),
	Vector3.new(155.60382080078125, 11.156982421875, 19),
	Vector3.new(155.1889190673828, 10.203454971313477, 19),
	Vector3.new(153.8634490966797, 8.10317611694336, 19),
	Vector3.new(153.08619689941406, 8.440231323242188, 19),
	Vector3.new(151.70677185058594, 8.487556457519531, 19),
	Vector3.new(150.29214477539062, 8.533222198486328, 19),
	Vector3.new(147.90158081054688, 9.153362274169922, 19),
	Vector3.new(146.44227600097656, 9.731983184814453, 19),
	Vector3.new(144.2433624267578, 10.499269485473633, 19),
	Vector3.new(145.08229064941406, 8.805923461914062, 19),
	Vector3.new(145.06463623046875, 7.635967254638672, 19),
	Vector3.new(144.65652465820312, 6.598583221435547, 19),
	Vector3.new(144.6927947998047, 5.255825042724609, 19),
	Vector3.new(144.99534606933594, 2.1148338317871094, 19),
	Vector3.new(145.1018524169922, 0.08183670043945312, 19),
	Vector3.new(146.03309631347656, 0.02333831787109375, 19),
	Vector3.new(146.0247802734375, 5.621879577636719, 19),
	Vector3.new(146.63095092773438, 7.234504699707031, 19),
	Vector3.new(146.58981323242188, 8.437999725341797, 19),
	Vector3.new(146.38821411132812, 8.950912475585938, 19),
	Vector3.new(146.814208984375, 8.825927734375, 19),
	Vector3.new(147.21633911132812, 8.329898834228516, 19),
	Vector3.new(148.53892517089844, 7.46905517578125, 19),
	Vector3.new(150.9998321533203, 6.911182403564453, 19),
	Vector3.new(151.7757110595703, 6.916709899902344, 19),
	Vector3.new(151.22825622558594, 8.419715881347656, 19),
	Vector3.new(151.75669860839844, 6.773883819580078, 19),
	Vector3.new(152.9759979248047, 7.119289398193359, 19),
	Vector3.new(153.92710876464844, 7.969841003417969, 19),
	Vector3.new(153.12799072265625, 7.170433044433594, 19),
	Vector3.new(151.6728515625, 6.875385284423828, 19),
	Vector3.new(151.82823181152344, 5.767543792724609, 19),
	Vector3.new(151.4308319091797, 4.684482574462891, 19),
	Vector3.new(151.2642059326172, 3.157154083251953, 19),
	Vector3.new(151.5706329345703, 0.154571533203125, 19),
	Vector3.new(151.28977966308594, 2.9592552185058594, 19),
	Vector3.new(151.42950439453125, 4.73248291015625, 19),
	Vector3.new(151.8691864013672, 5.816474914550781, 19),
	Vector3.new(151.70852661132812, 6.976650238037109, 19),
	Vector3.new(151.24432373046875, 8.4859619140625, 19),
	Vector3.new(150.3148956298828, 8.514503479003906, 19),
	Vector3.new(148.5603485107422, 8.978797912597656, 19),
	Vector3.new(145.186279296875, 10.11674690246582, 19),
	Vector3.new(144.1846160888672, 10.481201171875, 19),
	Vector3.new(146.32626342773438, 9.917488098144531, 19),
	Vector3.new(148.56224060058594, 10.371002197265625, 19),
	Vector3.new(151.15675354003906, 10.550348281860352, 19),
	Vector3.new(148.5855712890625, 10.431903839111328, 19),
	Vector3.new(146.46612548828125, 10.017024993896484, 19),
	Vector3.new(144.68960571289062, 10.797161102294922, 19),
	Vector3.new(144.67787170410156, 15.082355499267578, 19),
	Vector3.new(144.1298370361328, 18.269222259521484, 19),
	Vector3.new(143.2748565673828, 22.297426223754883, 19),
	Vector3.new(143.2296905517578, 27.227092742919922, 19),
	Vector3.new(143.13803100585938, 31.750568389892578, 19),
	Vector3.new(143.16575622558594, 28.69225311279297, 19),
	Vector3.new(143.46116638183594, 28.543758392333984, 19),
	Vector3.new(143.81517028808594, 29.117876052856445, 19),
	Vector3.new(144.13113403320312, 29.870223999023438, 19),
	Vector3.new(144.48236083984375, 30.297561645507812, 19),
	Vector3.new(145.22039794921875, 30.473346710205078, 19),
	Vector3.new(146.2454833984375, 30.674535751342773, 19),
	Vector3.new(147.27879333496094, 30.67089080810547, 19),
	Vector3.new(150.77609252929688, 31.082469940185547, 19),
	Vector3.new(151.43238830566406, 31.1574649810791, 19),
	Vector3.new(152.6738739013672, 31.32101058959961, 19),
	Vector3.new(153.7483673095703, 31.93378448486328, 19),
	Vector3.new(152.6738739013672, 31.32101058959961, 19),
	Vector3.new(151.6800079345703, 31.182357788085938, 19),
	Vector3.new(147.3938751220703, 30.65768051147461, 19),
	Vector3.new(146.41880798339844, 30.635475158691406, 19),
	Vector3.new(146.4327850341797, 29.628652572631836, 19),
	Vector3.new(146.84315490722656, 29.320486068725586, 19),
	Vector3.new(147.08103942871094, 29.00411033630371, 19),
	Vector3.new(147.19781494140625, 28.655744552612305, 19),
	Vector3.new(147.22340393066406, 28.11220359802246, 19),
	Vector3.new(147.12725830078125, 27.740283966064453, 19),
	Vector3.new(146.81967163085938, 27.46439552307129, 19),
	Vector3.new(146.22019958496094, 27.281509399414062, 19),
	Vector3.new(145.93695068359375, 27.58997344970703, 19),
	Vector3.new(145.48406982421875, 28.3361759185791, 19),
	Vector3.new(145.74227905273438, 29.102895736694336, 19),
	Vector3.new(146.1691436767578, 29.542762756347656, 19),
	Vector3.new(146.3618621826172, 29.57938003540039, 19),
	Vector3.new(146.41876220703125, 30.653335571289062, 19),
	Vector3.new(145.88816833496094, 30.572242736816406, 19),
	Vector3.new(144.72865295410156, 30.336212158203125, 19),
	Vector3.new(144.47125244140625, 30.291156768798828, 19),
	Vector3.new(144.12049865722656, 29.859439849853516, 19),
	Vector3.new(143.8135986328125, 29.174449920654297, 19),
	Vector3.new(143.4896240234375, 28.60213851928711, 19),
	Vector3.new(143.1533660888672, 28.62334632873535, 19),
	Vector3.new(143.23971557617188, 22.24031639099121, 19),
	Vector3.new(144.18328857421875, 21.997732162475586, 19),
	Vector3.new(145.6558380126953, 21.763111114501953, 19),
	Vector3.new(147.17453002929688, 21.58689308166504, 19),
	Vector3.new(148.35986328125, 21.820470809936523, 19),
	Vector3.new(150.5555877685547, 22.065458297729492, 19),
	Vector3.new(150.77261352539062, 22.081398010253906, 19),
	Vector3.new(150.21148681640625, 21.160968780517578, 19),
	Vector3.new(149.0159149169922, 20.09973907470703, 19),
	Vector3.new(147.78736877441406, 19.57550048828125, 19),
	Vector3.new(146.5454864501953, 19.682476043701172, 19),
	Vector3.new(144.03155517578125, 20.399946212768555, 19),
	Vector3.new(142.3570556640625, 21.132396697998047, 19),
	Vector3.new(135.81240844726562, 24.485403060913086, 19),
	Vector3.new(133.49281311035156, 25.969051361083984, 19),
	Vector3.new(131.94155883789062, 27.023448944091797, 19),
	Vector3.new(138.3173370361328, 23.751155853271484, 19),
	Vector3.new(143.3019561767578, 22.138309478759766, 19),
	Vector3.new(144.19439697265625, 18.12786865234375, 19),
	Vector3.new(141.995849609375, 18.154916763305664, 19),
	Vector3.new(137.04725646972656, 19.461105346679688, 19),
	Vector3.new(132.78770446777344, 21.298044204711914, 19),
	Vector3.new(134.2519989013672, 19.131820678710938, 19),
	Vector3.new(138.19139099121094, 14.893699645996094, 19),
	Vector3.new(144.5973663330078, 10.640453338623047, 19),
	Vector3.new(139.20986938476562, 14.542978286743164, 19),
	Vector3.new(138.1647186279297, 17.15572166442871, 19),
	Vector3.new(139.4977569580078, 16.70534896850586, 19),
	Vector3.new(144.5221405029297, 14.961406707763672, 19),
	Vector3.new(145.8099365234375, 14.778182983398438, 19),
	Vector3.new(146.4667510986328, 14.642913818359375, 19),
	Vector3.new(147.5380859375, 14.503538131713867, 19),
	Vector3.new(148.61663818359375, 14.522577285766602, 19),
	Vector3.new(149.70458984375, 14.641685485839844, 19),
	Vector3.new(151.363037109375, 14.886489868164062, 19),
	Vector3.new(151.94383239746094, 15.297361373901367, 19),
	Vector3.new(152.46636962890625, 15.470354080200195, 19),
	Vector3.new(152.9275360107422, 15.448789596557617, 19),
	Vector3.new(153.40298461914062, 16.11276626586914, 19),
	Vector3.new(158.5078125, 20.209087371826172, 19),
	Vector3.new(157.8675537109375, 20.07878303527832, 19),
	Vector3.new(155.87754821777344, 19.503463745117188, 19),
	Vector3.new(153.49862670898438, 18.88232421875, 19),
	Vector3.new(151.63925170898438, 18.49894142150879, 19),
	Vector3.new(149.57403564453125, 18.121244430541992, 19),
	Vector3.new(147.37152099609375, 18.154151916503906, 19),
	Vector3.new(143.5244140625, 18.144895553588867, 19),
}
