return {
	Vector3.new(1.9502525329589844, 0.12662124633789062, 19),
	Vector3.new(1.9358634948730469, 1.2697296142578125, 19),
	Vector3.new(1.2691154479980469, 2.9912071228027344, 19),
	Vector3.new(0.3345775604248047, 4.928722381591797, 19),
	Vector3.new(-1.7296504974365234, 7.235687255859375, 19),
	Vector3.new(-3.3035125732421875, 7.8989105224609375, 19),
	Vector3.new(-7.353315353393555, 9.500755310058594, 19),
	Vector3.new(-11.733638763427734, 11.097002029418945, 19),
	Vector3.new(-15.952646255493164, 12.827991485595703, 19),
	Vector3.new(-21.15727996826172, 15.445741653442383, 19),
	Vector3.new(-23.173887252807617, 16.699865341186523, 19),
	Vector3.new(-25.49677276611328, 19.320663452148438, 19),
	Vector3.new(-28.62611198425293, 23.339038848876953, 19),
	Vector3.new(-28.803070068359375, 20.38851547241211, 19),
	Vector3.new(-29.038599014282227, 17.233543395996094, 19),
	Vector3.new(-30.091218948364258, 11.835935592651367, 19),
	Vector3.new(-31.692920684814453, 5.435546875, 19),
	Vector3.new(-33.660560607910156, 0.11286544799804688, 19),
	Vector3.new(-32.242958068847656, 5.085411071777344, 19),
	Vector3.new(-35.19572448730469, 1.5888099670410156, 19),
	Vector3.new(-34.26554489135742, 3.4602737426757812, 19),
	Vector3.new(-33.489830017089844, 4.703052520751953, 19),
	Vector3.new(-32.80571746826172, 6.212108612060547, 19),
	Vector3.new(-31.37335968017578, 10.275012969970703, 19),
	Vector3.new(-29.971982955932617, 16.666553497314453, 19),
	Vector3.new(-29.56097412109375, 19.527687072753906, 19),
	Vector3.new(-29.249313354492188, 23.512226104736328, 19),
	Vector3.new(-30.83959197998047, 24.038846969604492, 19),
	Vector3.new(-31.475631713867188, 21.74325942993164, 19),
	Vector3.new(-32.23360824584961, 18.967082977294922, 19),
	Vector3.new(-33.133697509765625, 15.166521072387695, 19),
	Vector3.new(-34.463531494140625, 11.220718383789062, 19),
	Vector3.new(-34.64787673950195, 8.386070251464844, 19),
	Vector3.new(-35.21929168701172, 1.9556884765625, 19),
	Vector3.new(-35.24502182006836, 0, 18.995147705078125),
	Vector3.new(-35.244529724121094, 1.9232711791992188, 19),
	Vector3.new(-34.68851852416992, 7.900341033935547, 19),
	Vector3.new(-34.48020553588867, 11.217447280883789, 19),
	Vector3.new(-33.80923843383789, 19.816560745239258, 19),
	Vector3.new(-33.13060760498047, 30.232128143310547, 19),
	Vector3.new(-32.62781524658203, 37.73357009887695, 19),
	Vector3.new(-34.84541320800781, 40.83915328979492, 19),
	Vector3.new(-35.05419921875, 41.71478271484375, 19),
	Vector3.new(-35.0799674987793, 43.19627380371094, 19),
	Vector3.new(-35.01033401489258, 45.03822708129883, 19),
	Vector3.new(-34.691978454589844, 46.16255187988281, 19),
	Vector3.new(-34.22622299194336, 47.01966857910156, 19),
	Vector3.new(-33.26464080810547, 47.8030891418457, 19),
	Vector3.new(-32.395416259765625, 48.0200309753418, 19),
	Vector3.new(-31.59857749938965, 47.9458122253418, 19),
	Vector3.new(-30.860248565673828, 47.012962341308594, 19),
	Vector3.new(-30.292224884033203, 44.49140548706055, 19),
	Vector3.new(-29.131988525390625, 35.65230941772461, 19),
	Vector3.new(-29.857309341430664, 35.666133880615234, 19),
	Vector3.new(-30.980384826660156, 36.269309997558594, 19),
	Vector3.new(-32.613983154296875, 37.72534942626953, 19),
	Vector3.new(-31.37335968017578, 36.61457443237305, 19),
	Vector3.new(-31.340007781982422, 36.55559158325195, 19),
	Vector3.new(-30.967166900634766, 36.26041793823242, 19),
	Vector3.new(-29.913053512573242, 35.69206619262695, 19),
	Vector3.new(-29.17119026184082, 35.665199279785156, 19),
	Vector3.new(-29.14781951904297, 35.66493225097656, 19),
	Vector3.new(-29.467071533203125, 38.09416961669922, 19),
	Vector3.new(-29.918540954589844, 38.28816223144531, 19),
	Vector3.new(-30.504459381103516, 38.8675537109375, 19),
	Vector3.new(-31.09697914123535, 39.45332336425781, 19),
	Vector3.new(-31.513324737548828, 40.294898986816406, 19),
	Vector3.new(-31.79708480834961, 41.49641036987305, 19),
	Vector3.new(-31.582778930664062, 42.11179733276367, 19),
	Vector3.new(-31.272937774658203, 42.771156311035156, 19),
	Vector3.new(-30.956581115722656, 43.20912170410156, 19),
	Vector3.new(-30.511505126953125, 43.44539260864258, 19),
	Vector3.new(-30.283370971679688, 43.38596725463867, 19),
	Vector3.new(-30.158119201660156, 43.357627868652344, 19),
	Vector3.new(-29.865638732910156, 41.12051010131836, 19),
	Vector3.new(-30.30771827697754, 44.563358306884766, 19),
	Vector3.new(-31.157527923583984, 45.35986328125, 19),
	Vector3.new(-32.44850158691406, 46.229087829589844, 19),
	Vector3.new(-33.286922454833984, 46.227378845214844, 19),
	Vector3.new(-33.91912841796875, 45.718387603759766, 19),
	Vector3.new(-34.053096771240234, 44.97547912597656, 19),
	Vector3.new(-33.91737365722656, 44.39854431152344, 19),
	Vector3.new(-33.610321044921875, 44.10467529296875, 19),
	Vector3.new(-32.70682144165039, 44.53002166748047, 19),
	Vector3.new(-32.319129943847656, 45.11348342895508, 19),
	Vector3.new(-31.32746696472168, 44.793418884277344, 19),
	Vector3.new(-30.71181869506836, 44.21026611328125, 19),
	Vector3.new(-30.308210372924805, 43.97350311279297, 19),
	Vector3.new(-30.253910064697266, 44.0042724609375, 19),
	Vector3.new(-30.329303741455078, 44.626033782958984, 19),
	Vector3.new(-30.865829467773438, 47.01648712158203, 19),
	Vector3.new(-30.928136825561523, 48.47419357299805, 19),
	Vector3.new(-31.67681884765625, 59.04052734375, 19),
	Vector3.new(-30.870542526245117, 47.286991119384766, 19),
	Vector3.new(-30.869478225708008, 47.03572082519531, 19),
	Vector3.new(-30.30804443359375, 44.50943374633789, 19),
	Vector3.new(-29.134662628173828, 35.64703369140625, 19),
	Vector3.new(-28.796157836914062, 33.50273132324219, 19),
	Vector3.new(-28.214160919189453, 30.474538803100586, 19),
	Vector3.new(-26.946622848510742, 25.862384796142578, 19),
	Vector3.new(-25.457273483276367, 22.025636672973633, 19),
	Vector3.new(-24.198062896728516, 19.86304473876953, 19),
	Vector3.new(-23.05284881591797, 18.257606506347656, 19),
	Vector3.new(-21.164501190185547, 15.745719909667969, 19),
	Vector3.new(-20.42871856689453, 15.136947631835938, 19),
	Vector3.new(-20.188541412353516, 14.952024459838867, 19),
	Vector3.new(-16.07390022277832, 12.873870849609375, 19),
	Vector3.new(-11.413423538208008, 10.994771957397461, 19),
	Vector3.new(-11.898258209228516, 12.003158569335938, 19),
	Vector3.new(-14.126810073852539, 14.179698944091797, 19),
	Vector3.new(-16.690608978271484, 17.609834671020508, 19),
	Vector3.new(-19.96211051940918, 25.13092613220215, 19),
	Vector3.new(-22.258176803588867, 31.78230857849121, 19),
	Vector3.new(-24.72061538696289, 42.54684066772461, 19),
	Vector3.new(-22.33879852294922, 32.11537170410156, 19),
	Vector3.new(-21.26455307006836, 28.9241943359375, 19),
	Vector3.new(-20.02230453491211, 25.19161033630371, 19),
	Vector3.new(-16.65869903564453, 17.557775497436523, 19),
	Vector3.new(-15.995576858520508, 16.696256637573242, 19),
	Vector3.new(-16.622173309326172, 18.25743865966797, 19),
	Vector3.new(-17.21761703491211, 20.43090057373047, 19),
	Vector3.new(-18.040115356445312, 23.57317543029785, 19),
	Vector3.new(-18.067129135131836, 25.663721084594727, 19),
	Vector3.new(-14.781349182128906, 24.542476654052734, 19),
	Vector3.new(-13.210391998291016, 24.05718994140625, 19),
	Vector3.new(-10.573530197143555, 23.37032127380371, 19),
	Vector3.new(-8.010011672973633, 22.774599075317383, 19),
	Vector3.new(-6.6699066162109375, 22.47593879699707, 19),
	Vector3.new(-4.845065116882324, 22.423297882080078, 19),
	Vector3.new(-4.004384994506836, 22.602882385253906, 19),
	Vector3.new(-3.3302078247070312, 23.95294952392578, 19),
	Vector3.new(-3.3053483963012695, 24.640979766845703, 19),
	Vector3.new(-2.4698123931884766, 26.01966667175293, 19),
	Vector3.new(-0.8633766174316406, 28.67966651916504, 19),
	Vector3.new(-0.854888916015625, 29.258222579956055, 19),
	Vector3.new(-1.9669075012207031, 29.22294807434082, 19),
	Vector3.new(-4.423205375671387, 28.66409683227539, 19),
	Vector3.new(-7.136896133422852, 28.544212341308594, 19),
	Vector3.new(-8.328590393066406, 28.978595733642578, 19),
	Vector3.new(-9.035605430603027, 29.361915588378906, 19),
	Vector3.new(-8.217187881469727, 29.309701919555664, 19),
	Vector3.new(-7.132772445678711, 29.10035514831543, 19),
	Vector3.new(-6.01812744140625, 29.15269660949707, 19),
	Vector3.new(-5.056957244873047, 29.15270233154297, 19),
	Vector3.new(-2.9699459075927734, 29.380931854248047, 19),
	Vector3.new(-2.4756393432617188, 29.645326614379883, 19),
	Vector3.new(-1.5745620727539062, 29.663484573364258, 19),
	Vector3.new(-0.7770156860351562, 29.734699249267578, 19),
	Vector3.new(1.516824722290039, 32.32804870605469, 19),
	Vector3.new(1.0043506622314453, 31.724655151367188, 19),
	Vector3.new(1.0553646087646484, 29.981674194335938, 19),
	Vector3.new(1.0295333862304688, 27.819929122924805, 19),
	Vector3.new(0.5755271911621094, 23.530452728271484, 19),
	Vector3.new(-0.033924102783203125, 18.91573143005371, 19),
	Vector3.new(-0.6158027648925781, 14.452659606933594, 19),
	Vector3.new(-2.407073974609375, 7.6434478759765625, 19),
	Vector3.new(-4.080693244934082, 8.202995300292969, 19),
	Vector3.new(-4.9606218338012695, 13.96969223022461, 19),
	Vector3.new(-5.933947563171387, 19.060073852539062, 19),
	Vector3.new(-4.9457855224609375, 13.001445770263672, 19),
	Vector3.new(-4.252811431884766, 8.246360778808594, 19),
	Vector3.new(-6.576055526733398, 9.224040985107422, 19),
	Vector3.new(-8.1431884765625, 15.84516716003418, 19),
	Vector3.new(-8.925212860107422, 19.377235412597656, 19),
	Vector3.new(-9.439858436584473, 21.435894012451172, 19),
	Vector3.new(-9.47312068939209, 23.10955047607422, 19),
	Vector3.new(-6.685027122497559, 22.484416961669922, 19),
	Vector3.new(-4.491899490356445, 22.49093246459961, 19),
	Vector3.new(-4.0362701416015625, 22.606578826904297, 19),
	Vector3.new(-3.3580760955810547, 23.93220329284668, 19),
	Vector3.new(-3.279555320739746, 24.66176414489746, 19),
	Vector3.new(-0.8510494232177734, 28.701744079589844, 19),
	Vector3.new(-0.8566398620605469, 29.259437561035156, 19),
	Vector3.new(-2.033294677734375, 29.22857666015625, 19),
	Vector3.new(-4.475781440734863, 28.643218994140625, 19),
	Vector3.new(-7.109808921813965, 28.52834701538086, 19),
	Vector3.new(-8.239030838012695, 28.945693969726562, 19),
	Vector3.new(-9.070350646972656, 29.361635208129883, 19),
	Vector3.new(-7.1866912841796875, 29.12857437133789, 19),
	Vector3.new(-5.203243255615234, 29.149398803710938, 19),
	Vector3.new(-2.985715866088867, 29.392337799072266, 19),
	Vector3.new(-2.4359970092773438, 29.652236938476562, 19),
	Vector3.new(-0.7929973602294922, 29.72437286376953, 19),
	Vector3.new(1.5479583740234375, 32.38954162597656, 19),
	Vector3.new(1.5005111694335938, 35.22990417480469, 19),
	Vector3.new(2.952047348022461, 36.90494155883789, 19),
	Vector3.new(3.5523948669433594, 38.028778076171875, 19),
	Vector3.new(3.9916019439697266, 38.846961975097656, 19),
	Vector3.new(4.019252777099609, 39.286678314208984, 19),
	Vector3.new(3.6547317504882812, 39.568687438964844, 19),
	Vector3.new(2.306856155395508, 40.73065185546875, 19),
	Vector3.new(1.5971107482910156, 41.57422637939453, 19),
	Vector3.new(0.8921051025390625, 42.33042907714844, 19),
	Vector3.new(0.5283355712890625, 42.924503326416016, 19),
	Vector3.new(0.2843036651611328, 45.98048782348633, 19),
	Vector3.new(0.5455360412597656, 46.63409423828125, 19),
	Vector3.new(1.7478809356689453, 47.770572662353516, 19),
	Vector3.new(1.1044082641601562, 42.27143859863281, 19),
	Vector3.new(1.72747802734375, 47.70607376098633, 19),
	Vector3.new(3.2156124114990234, 48.61060333251953, 19),
	Vector3.new(2.8545703887939453, 40.41194534301758, 19),
	Vector3.new(3.239595413208008, 48.667945861816406, 19),
	Vector3.new(3.7352256774902344, 49.385597229003906, 19),
	Vector3.new(4.006750106811523, 50.18356704711914, 19),
	Vector3.new(4.005044937133789, 52.02883529663086, 19),
	Vector3.new(4.1357269287109375, 54.280555725097656, 19),
	Vector3.new(4.220508575439453, 55.743141174316406, 19),
	Vector3.new(4.124622344970703, 58.27360153198242, 19),
	Vector3.new(4.039710998535156, 59.07064437866211, 19),
	Vector3.new(4.424371719360352, 54.90130615234375, 19),
	Vector3.new(4.550313949584961, 53.69723129272461, 19),
	Vector3.new(4.519926071166992, 50.91132354736328, 19),
	Vector3.new(4.488618850708008, 48.68355941772461, 19),
	Vector3.new(4.477067947387695, 48.35390090942383, 19),
	Vector3.new(5.088035583496094, 48.99030303955078, 19),
	Vector3.new(5.587318420410156, 51.51006317138672, 19),
	Vector3.new(5.752388000488281, 53.15874481201172, 19),
	Vector3.new(5.741367340087891, 57.376583099365234, 19),
	Vector3.new(5.043403625488281, 62.25767517089844, 19),
	Vector3.new(3.843381881713867, 65.7218017578125, 19),
	Vector3.new(5.098939895629883, 66.43103790283203, 19),
	Vector3.new(5.797761917114258, 67.56114196777344, 19),
	Vector3.new(6.469415664672852, 68.36627960205078, 19),
	Vector3.new(6.618505477905273, 69.2420654296875, 19),
	Vector3.new(6.523500442504883, 72.5337905883789, 19),
	Vector3.new(5.239585876464844, 72.03096008300781, 19),
	Vector3.new(3.9839210510253906, 71.17184448242188, 19),
	Vector3.new(2.7169227600097656, 70.35453796386719, 19),
	Vector3.new(2.1565723419189453, 70.47676849365234, 19),
	Vector3.new(1.0637359619140625, 72.52147674560547, 19),
	Vector3.new(0.4691486358642578, 73.40656280517578, 19),
	Vector3.new(-0.649627685546875, 74.91188049316406, 19),
	Vector3.new(-2.4801483154296875, 77.03434753417969, 19),
	Vector3.new(-6.321022033691406, 80.51026153564453, 19),
	Vector3.new(-8.24703311920166, 81.61859893798828, 19),
	Vector3.new(-11.211576461791992, 83.05708312988281, 19),
	Vector3.new(-13.118318557739258, 83.82496643066406, 19),
	Vector3.new(-38.25298309326172, 83.88631439208984, 19),
	Vector3.new(-41.45673370361328, 82.33526611328125, 19),
	Vector3.new(-43.1962890625, 80.76397705078125, 19),
	Vector3.new(-46.02178192138672, 77.55650329589844, 19),
	Vector3.new(-48.554100036621094, 73.23916625976562, 19),
	Vector3.new(-49.207298278808594, 70.40874481201172, 19),
	Vector3.new(-49.76134490966797, 66.24176788330078, 19),
	Vector3.new(-49.99415969848633, 62.03236389160156, 19),
	Vector3.new(-49.776641845703125, 52.87041473388672, 19),
	Vector3.new(-48.962158203125, 38.90852355957031, 19),
	Vector3.new(-48.998046875, 31.39255142211914, 19),
	Vector3.new(-49.17908477783203, 25.247665405273438, 19),
	Vector3.new(-51.17725372314453, 20.225671768188477, 19),
	Vector3.new(-54.23491668701172, 14.47823715209961, 19),
	Vector3.new(-56.96831512451172, 10.82172966003418, 19),
	Vector3.new(-56.90161895751953, 4.043590545654297, 19),
	Vector3.new(-56.94355010986328, 3.3392181396484375, 19),
	Vector3.new(-54.64213562011719, 8.223896026611328, 19),
	Vector3.new(-52.004981994628906, 14.177520751953125, 19),
	Vector3.new(-50.9371337890625, 16.86981201171875, 19),
	Vector3.new(-49.77146530151367, 21.251468658447266, 19),
	Vector3.new(-49.15574645996094, 25.090824127197266, 19),
	Vector3.new(-49.772647857666016, 21.26345443725586, 19),
	Vector3.new(-50.94511032104492, 16.89584732055664, 19),
	Vector3.new(-53.704063415527344, 10.332496643066406, 19),
	Vector3.new(-56.9239501953125, 3.396045684814453, 19),
	Vector3.new(-56.948997497558594, 0.08879852294921875, 19),
	Vector3.new(-56.53587341308594, 0.06306076049804688, 19),
	Vector3.new(-55.920143127441406, 1.5624847412109375, 19),
	Vector3.new(-53.24397277832031, 7.582180023193359, 19),
	Vector3.new(-56.37190246582031, 0.0667572021484375, 19),
	Vector3.new(-47.6727409362793, 0.055904388427734375, 19),
	Vector3.new(-47.325279235839844, 2.0772552490234375, 19),
	Vector3.new(-45.801692962646484, 8.39364242553711, 19),
	Vector3.new(-43.90602111816406, 17.54343032836914, 19),
	Vector3.new(-43.376869201660156, 23.190792083740234, 19),
	Vector3.new(-43.358314514160156, 28.999910354614258, 19),
	Vector3.new(-44.62599182128906, 44.598201751708984, 19),
	Vector3.new(-42.825775146484375, 29.09809112548828, 19),
	Vector3.new(-42.38695526123047, 19.024032592773438, 19),
	Vector3.new(-44.44855499267578, 10.837566375732422, 19),
	Vector3.new(-46.54994583129883, 4.992443084716797, 19),
	Vector3.new(-44.54787063598633, 10.56804084777832, 19),
	Vector3.new(-42.362266540527344, 19.160614013671875, 19),
	Vector3.new(-42.319671630859375, 14.984657287597656, 19),
	Vector3.new(-42.551971435546875, 8.10443115234375, 19),
	Vector3.new(-43.53250503540039, 2.6779861450195312, 19),
	Vector3.new(-44.102333068847656, 0.8575668334960938, 19),
	Vector3.new(-44.2213134765625, 1.6183853149414062, 19),
	Vector3.new(-43.95964050292969, 2.7509536743164062, 19),
	Vector3.new(-43.02838897705078, 8.164276123046875, 19),
	Vector3.new(-42.910743713378906, 10.230602264404297, 19),
	Vector3.new(-42.841575622558594, 14.973237991333008, 19),
	Vector3.new(-44.32439422607422, 11.374101638793945, 19),
	Vector3.new(-46.71600341796875, 4.7032470703125, 19),
	Vector3.new(-47.71099853515625, 0.09555816650390625, 19),
	Vector3.new(-35.21427917480469, 0.051513671875, 19),
	Vector3.new(-33.469451904296875, 24.4642276763916, 19),
	Vector3.new(-32.62435531616211, 27.14055824279785, 19),
	Vector3.new(-31.141231536865234, 35.12012481689453, 19),
	Vector3.new(-30.880842208862305, 36.097537994384766, 19),
	Vector3.new(-29.879638671875, 35.675941467285156, 19),
	Vector3.new(-29.198978424072266, 35.67340850830078, 19),
	Vector3.new(-28.950031280517578, 34.548683166503906, 19),
	Vector3.new(-28.207870483398438, 30.42957305908203, 19),
	Vector3.new(-27.44640350341797, 27.712677001953125, 19),
	Vector3.new(-26.360153198242188, 24.326801300048828, 19),
	Vector3.new(-25.462142944335938, 22.019620895385742, 19),
	Vector3.new(-24.268098831176758, 19.89914894104004, 19),
	Vector3.new(-22.48472023010254, 17.516939163208008, 19),
	Vector3.new(-21.20001220703125, 15.758705139160156, 19),
	Vector3.new(-20.266357421875, 15.014177322387695, 19),
	Vector3.new(-15.87225341796875, 12.772289276123047, 19),
	Vector3.new(-11.378061294555664, 11.000028610229492, 19),
	Vector3.new(-11.8826265335083, 11.931694030761719, 19),
	Vector3.new(-14.109674453735352, 14.139873504638672, 19),
	Vector3.new(-16.058605194091797, 16.773330688476562, 19),
	Vector3.new(-16.605525970458984, 18.202190399169922, 19),
	Vector3.new(-18.048357009887695, 23.562644958496094, 19),
	Vector3.new(-18.063539505004883, 25.62873649597168, 19),
	Vector3.new(-18.23754119873047, 26.753910064697266, 19),
	Vector3.new(-19.12537956237793, 38.85962677001953, 19),
	Vector3.new(-17.531312942504883, 40.06828689575195, 19),
	Vector3.new(-15.503013610839844, 42.492366790771484, 19),
	Vector3.new(-13.929662704467773, 44.65653991699219, 19),
	Vector3.new(-11.728784561157227, 48.374717712402344, 19),
	Vector3.new(-8.9451904296875, 54.720252990722656, 19),
	Vector3.new(-8.018653869628906, 57.022560119628906, 19),
	Vector3.new(-8.619911193847656, 59.53358840942383, 19),
	Vector3.new(-7.791391372680664, 56.50337219238281, 19),
	Vector3.new(-7.146695137023926, 52.351715087890625, 19),
	Vector3.new(-8.129898071289062, 55.241981506347656, 19),
	Vector3.new(-8.396148681640625, 55.84358596801758, 19),
	Vector3.new(-7.164194107055664, 52.43328094482422, 19),
	Vector3.new(-6.971327781677246, 45.026397705078125, 19),
	Vector3.new(-5.694456100463867, 44.862640380859375, 19),
	Vector3.new(-4.950945854187012, 44.373329162597656, 19),
	Vector3.new(-8.68576431274414, 43.6552734375, 19),
	Vector3.new(-9.142721176147461, 42.56196594238281, 19),
	Vector3.new(-10.390722274780273, 40.72228240966797, 19),
	Vector3.new(-9.040634155273438, 40.950462341308594, 19),
	Vector3.new(-7.604266166687012, 41.308284759521484, 19),
	Vector3.new(-8.426946640014648, 40.588462829589844, 19),
	Vector3.new(-10.388917922973633, 40.028934478759766, 19),
	Vector3.new(-12.403072357177734, 40.170799255371094, 19),
	Vector3.new(-13.60416030883789, 40.46479415893555, 19),
	Vector3.new(-14.699578285217285, 40.96466064453125, 19),
	Vector3.new(-15.560096740722656, 41.74117660522461, 19),
	Vector3.new(-15.889904975891113, 42.07671356201172, 19),
	Vector3.new(-15.08873176574707, 43.04701232910156, 19),
	Vector3.new(-14.475292205810547, 42.439598083496094, 19),
	Vector3.new(-13.62044906616211, 41.50410842895508, 19),
	Vector3.new(-12.643041610717773, 40.809505462646484, 19),
	Vector3.new(-11.921346664428711, 40.586273193359375, 19),
	Vector3.new(-11.324524879455566, 40.5340576171875, 19),
	Vector3.new(-10.474884033203125, 40.68120193481445, 19),
	Vector3.new(-9.663176536560059, 41.823394775390625, 19),
	Vector3.new(-9.158891677856445, 42.529605865478516, 19),
	Vector3.new(-8.727620124816895, 43.649967193603516, 19),
	Vector3.new(-9.113988876342773, 43.50054931640625, 19),
	Vector3.new(-11.386777877807617, 43.110740661621094, 19),
	Vector3.new(-11.442651748657227, 42.578643798828125, 19),
	Vector3.new(-11.713443756103516, 42.39948654174805, 19),
	Vector3.new(-12.100488662719727, 42.40278244018555, 19),
	Vector3.new(-12.441425323486328, 42.66489791870117, 19),
	Vector3.new(-12.547454833984375, 43.113616943359375, 19),
	Vector3.new(-11.355133056640625, 43.14846420288086, 19),
	Vector3.new(-14.122200965881348, 42.933387756347656, 19),
	Vector3.new(-14.244186401367188, 42.46162414550781, 19),
	Vector3.new(-14.591265678405762, 42.90357971191406, 19),
	Vector3.new(-14.680827140808105, 43.24113464355469, 19),
	Vector3.new(-14.343852043151855, 43.582763671875, 19),
	Vector3.new(-13.49130916595459, 43.61676788330078, 19),
	Vector3.new(-6.967704772949219, 44.971946716308594, 19),
	Vector3.new(-6.143307685852051, 44.90516662597656, 19),
	Vector3.new(-5.53642463684082, 44.787322998046875, 19),
	Vector3.new(-5.5198974609375, 45.44004440307617, 19),
	Vector3.new(-5.299990653991699, 46.132633209228516, 19),
	Vector3.new(-5.347288131713867, 49.59170150756836, 19),
	Vector3.new(-5.661135673522949, 56.00733947753906, 19),
	Vector3.new(-4.661543846130371, 52.908447265625, 19),
	Vector3.new(-4.280758857727051, 49.94386672973633, 19),
	Vector3.new(-4.155056953430176, 44.2354621887207, 19),
	Vector3.new(-2.2063522338867188, 44.321983337402344, 19),
	Vector3.new(-1.7775001525878906, 46.472164154052734, 19),
	Vector3.new(-1.4508476257324219, 47.84032440185547, 19),
	Vector3.new(-1.1002464294433594, 48.72858428955078, 19),
	Vector3.new(-1.1635150909423828, 46.25782012939453, 19),
	Vector3.new(-1.3070182800292969, 44.7276611328125, 19),
	Vector3.new(-0.2037811279296875, 45.324058532714844, 19),
	Vector3.new(0.2691802978515625, 48.20018768310547, 19),
	Vector3.new(0.2593555450439453, 53.18063735961914, 19),
	Vector3.new(0.11274528503417969, 56.870567321777344, 19),
	Vector3.new(-0.2538890838623047, 58.925270080566406, 19),
	Vector3.new(-0.6870079040527344, 61.67877960205078, 19),
	Vector3.new(0.1405353546142578, 58.51270294189453, 19),
	Vector3.new(0.5108814239501953, 56.16402053833008, 19),
	Vector3.new(0.7576847076416016, 53.289947509765625, 19),
	Vector3.new(0.9145088195800781, 49.38284683227539, 19),
	Vector3.new(0.9055557250976562, 47.10920333862305, 19),
	Vector3.new(2.580221176147461, 48.80265808105469, 19),
	Vector3.new(3.148212432861328, 51.92194366455078, 19),
	Vector3.new(3.4277706146240234, 49.60437774658203, 19),
	Vector3.new(4.039642333984375, 50.356712341308594, 19),
	Vector3.new(3.4551773071289062, 49.610626220703125, 19),
	Vector3.new(3.144529342651367, 51.90156555175781, 19),
	Vector3.new(2.577251434326172, 48.814090728759766, 19),
	Vector3.new(0.9142723083496094, 47.111656188964844, 19),
	Vector3.new(0.9248752593994141, 49.13347625732422, 19),
	Vector3.new(0.7795429229736328, 52.75699234008789, 19),
	Vector3.new(0.5577716827392578, 55.817466735839844, 19),
	Vector3.new(0.12918472290039062, 58.56877899169922, 19),
	Vector3.new(-0.6846275329589844, 61.73154830932617, 19),
	Vector3.new(-0.5141277313232422, 60.59654998779297, 19),
	Vector3.new(-0.1752643585205078, 58.317867279052734, 19),
	Vector3.new(0.1323261260986328, 56.85401153564453, 19),
	Vector3.new(0.2797412872314453, 48.304622650146484, 19),
	Vector3.new(-0.2207164764404297, 45.28627014160156, 19),
	Vector3.new(-1.3032684326171875, 44.744239807128906, 19),
	Vector3.new(-1.1838493347167969, 46.03926086425781, 19),
	Vector3.new(-1.1166000366210938, 48.7020149230957, 19),
	Vector3.new(-1.4829635620117188, 47.72669219970703, 19),
	Vector3.new(-2.2197036743164062, 44.301734924316406, 19),
	Vector3.new(-4.163661956787109, 44.247657775878906, 19),
	Vector3.new(-4.2776689529418945, 49.79669952392578, 19),
	Vector3.new(-4.6738080978393555, 52.947235107421875, 19),
	Vector3.new(-5.671796798706055, 55.937679290771484, 19),
	Vector3.new(-5.44477653503418, 51.43421173095703, 19),
	Vector3.new(-5.296295166015625, 46.05893325805664, 19),
	Vector3.new(-5.510771751403809, 45.47201156616211, 19),
	Vector3.new(-5.544391632080078, 44.7800407409668, 19),
	Vector3.new(-6.5478057861328125, 44.958656311035156, 19),
	Vector3.new(-6.976621627807617, 45.01778030395508, 19),
	Vector3.new(-7.006985664367676, 45.60011291503906, 19),
	Vector3.new(-7.151567459106445, 52.070152282714844, 19),
	Vector3.new(-7.207427978515625, 52.595176696777344, 19),
	Vector3.new(-8.447036743164062, 55.90443801879883, 19),
	Vector3.new(-8.012160301208496, 57.00261306762695, 19),
	Vector3.new(-8.584127426147461, 59.563201904296875, 19),
	Vector3.new(-8.920103073120117, 60.65240478515625, 19),
	Vector3.new(-10.493769645690918, 59.65528106689453, 19),
	Vector3.new(-10.9019775390625, 59.745304107666016, 19),
	Vector3.new(-11.331747055053711, 61.254913330078125, 19),
	Vector3.new(-12.196952819824219, 64.2276611328125, 19),
	Vector3.new(-12.183503150939941, 65.07402038574219, 19),
	Vector3.new(-6.835650444030762, 67.80987548828125, 19),
	Vector3.new(-6.319084167480469, 67.64442443847656, 19),
	Vector3.new(-6.647538185119629, 64.85289001464844, 19),
	Vector3.new(-7.542268753051758, 62.56603240966797, 19),
	Vector3.new(-8.907881736755371, 60.59381866455078, 19),
	Vector3.new(-10.509394645690918, 59.686920166015625, 19),
	Vector3.new(-10.890522003173828, 59.73772048950195, 19),
	Vector3.new(-13.151867866516113, 57.15625, 19),
	Vector3.new(-14.144399642944336, 52.68821716308594, 19),
	Vector3.new(-15.388423919677734, 49.759151458740234, 19),
	Vector3.new(-16.900646209716797, 46.410003662109375, 19),
	Vector3.new(-19.149038314819336, 42.89690017700195, 19),
	Vector3.new(-19.591754913330078, 59.82119369506836, 19),
	Vector3.new(-19.121841430664062, 38.86013412475586, 19),
	Vector3.new(-17.640335083007812, 39.95759582519531, 19),
	Vector3.new(-15.765137672424316, 42.15910720825195, 19),
	Vector3.new(-14.319547653198242, 44.11473846435547, 19),
	Vector3.new(-13.803507804870605, 44.84891128540039, 19),
	Vector3.new(-12.007009506225586, 47.90995407104492, 19),
	Vector3.new(-7.167428970336914, 49.41214370727539, 19),
	Vector3.new(-7.057766914367676, 48.807472229003906, 19),
	Vector3.new(-11.933782577514648, 47.89802169799805, 19),
	Vector3.new(-7.084840774536133, 48.80546569824219, 19),
	Vector3.new(-6.975177764892578, 44.931026458740234, 19),
	Vector3.new(-5.561018943786621, 44.837158203125, 19),
	Vector3.new(-5.533481597900391, 45.240257263183594, 19),
	Vector3.new(-5.296058654785156, 46.09186935424805, 19),
	Vector3.new(-5.332938194274902, 47.16853713989258, 19),
	Vector3.new(-5.346928596496582, 48.70563888549805, 19),
	Vector3.new(-5.375682830810547, 49.01264572143555, 19),
	Vector3.new(-4.304322242736816, 49.25295639038086, 19),
	Vector3.new(-4.264701843261719, 49.802738189697266, 19),
	Vector3.new(-4.336026191711426, 50.30530548095703, 19),
	Vector3.new(-5.3218536376953125, 49.95219421386719, 19),
}
